2.53588 0.777274 8.41051
1.51982 -3.9079 8.75134
1.20658 -2.49038 9.62063
0.733476 -2.49857 9.67775
2.6019 -2.5383 9.68392
1.96582 1.4586 8.84156
0.445871 1.47545 8.90368
0.506971 0.79449 8.4206
1.05686 2.60213 9.74885
1.53198 -2.38917 9.75508
1.57744 -3.86046 8.79215
0.0794948 -2.5057 9.55327
1.30288 3.33118 10.2212
1.57547 -2.62048 9.54714
0.459178 0.715696 8.37039
-0.2297 1.5463 9.0225
1.38084 -2.56288 9.58649
2.01194 -0.254689 7.61874
0.965499 1.43085 8.92714
6.07136 5.06046 14.7256
3.55614 -1.94567 10.158
0.938093 1.40456 8.85072
-2.41557 1.64715 9.14443
-2.06288 1.04577 8.6527
-2.02271 1.05954 8.74915
0.99791 1.41704 8.95474
2.34516 1.61794 8.98914
2.60083 0.275866 7.95884
1.67247 -0.326346 7.68537
2.14418 1.63559 9.01904
1.97124 1.62237 8.95531
0.73986 0.705167 8.34989
2.06595 1.39416 8.83642
1.49793 1.63907 8.97804
1.65898 0.0784189 7.86533
0.578035 -2.63474 9.49333
1.33112 -2.66186 9.52771
3.58263 -1.35652 10.5817
-0.0171673 -2.45501 9.76641
1.37597 -0.120469 7.80963
1.49051 -2.9429 9.31598
0.414117 1.68591 9.09852
1.285 -0.171816 7.7996
1.3336 0.198497 7.98695
2.18896 0.263533 7.9826
1.36124 -2.53659 9.59211
2.05397 1.69015 9.06255
3.49943 -1.87889 10.0032
1.37588 4.46344 11.1122
-0.455894 1.70058 9.06457
-2.47476 1.76157 9.23133
1.00674 0.209957 8.03279
0.0201765 -2.67825 9.45573
3.89627 -1.45106 10.5507
0.810986 -3.73191 8.87207
-0.982126 -4.80302 8.15324
1.82324 -2.74192 9.49806
0.69982 0.72681 8.43501
-0.349159 -1.44828 10.0318
1.3874 -0.110324 7.75235
-2.49388 1.80616 9.27359
0.67712 4.39137 11.0752
1.39457 -2.42384 9.66077
1.08136 -2.40589 9.61143
1.24224 0.253453 8.01714
0.798672 -3.68215 8.84221
0.160792 0.98731 8.5465
1.29454 -0.19146 7.80407
1.57554 0.378132 8.12871
-0.257422 -1.38009 10.4233
0.411613 0.734631 8.43873
0.532236 0.902123 8.51228
0.540643 -2.76453 9.4253
-0.107457 0.530941 8.25162
1.32579 -4.78558 8.16774
1.02877 0.240142 8.06163
0.230083 -1.65441 10.1987
1.48739 -2.47695 9.68326
0.515727 -3.52348 8.98925
1.18565 0.23178 8.02158
2.90022 2.966 9.96095
1.034 4.24987 10.9227
0.0613188 0.825707 8.45261
1.92764 -0.03796 7.79523
-1.9739 1.0884 8.64652
0.709255 -2.47477 9.64093
-0.256465 -1.38118 10.2432
0.0346066 0.828915 8.48057
2.59191 -2.86176 9.40507
-1.89519 0.846094 8.53011
2.38781 -1.89151 10.1063
2.08004 0.204345 7.88426
0.409061 0.760261 8.4061
0.134151 1.61245 9.10467
2.8518 3.04941 10.0304
1.40347 2.32677 9.51716
-0.470025 -1.43765 10.2868
1.9352 -0.0595126 7.75414
1.54748 3.53731 10.3555
2.14814 2.31939 9.5395
0.192952 1.23816 8.72489
2.57519 0.525871 8.17765
0.910501 -2.30055 9.7325
-0.0724035 -4.69166 8.17743
3.2775 -2.41371 9.79886
2.43816 0.277094 8.02811
2.07934 -2.53342 9.63578
2.4652 -3.93644 8.57489
1.80675 4.10246 10.8011
0.724321 0.680994 8.34233
1.75702 2.17751 9.43773
2.49727 0.342189 8.0334
1.7753 -0.615943 7.83056
4.49455 -1.24851 10.7081
2.90847 -1.74865 10.288
1.38286 0.188363 7.95368
1.54584 1.61936 8.98537
2.18384 2.0802 9.36542
1.49901 -0.933766 8.27464
3.97458 -2.1212 10.012
1.91876 2.10339 9.4242
1.24955 0.18196 7.98513
1.49561 -2.90887 9.37682
2.4101 3.28527 10.2497
1.23184 0.21202 8.10023
1.67425 -0.906994 8.08736
2.45097 0.170889 7.94034
2.48614 0.168824 7.93673
2.50072 0.710534 8.33317
3.90264 -2.40188 9.82309
0.986149 0.570959 8.25931
3.52246 -2.40751 9.86191
2.68415 0.342542 8.0268
-2.36378 1.67821 9.12454
3.55465 -1.92494 10.2063
1.68024 4.01508 10.7183
2.13188 -0.260951 7.83158
2.3313 0.142989 7.86536
2.08025 1.73721 9.08679
1.74703 2.18773 9.38363
-0.000757341 -2.4004 9.57971
2.15877 2.22144 9.49319
3.88756 -2.37654 9.83807
1.22027 0.148477 7.90615
2.3532 2.21421 9.42132
-0.414252 -0.134967 8.54246
-0.4498 -1.42951 10.2945
4.51726 4.89319 14.7166
-0.43086 0.969855 8.57415
2.40438 3.37716 10.295
1.65257 0.648736 8.25241
-1.98237 -3.05286 9.17734
-0.749393 -3.08739 9.19087
1.48421 -4.14533 8.62917
1.44528 -4.12669 8.59527
-0.984011 -0.576412 9.19489
-0.194969 0.977502 8.59627
2.77505 2.32233 9.55416
2.15763 0.566935 8.21842
1.74746 0.93081 8.42845
1.4224 2.30636 9.46708
4.61522 4.80292 14.6815
0.0653966 0.984187 8.56148
1.44576 0.121596 7.86708
0.943971 0.573603 8.26257
2.6416 0.107723 7.89421
2.48229 3.363 10.4023
2.8501 2.33984 9.51152
5.15481 5.17372 15.2498
-1.81186 1.2426 8.81511
-0.0723337 0.587669 8.28551
3.7765 -1.51362 10.4796
-0.484035 0.38519 8.19498
0.188432 -1.66635 10.2014
-0.448437 0.95253 8.58257
1.45619 0.105955 7.87901
2.70013 0.425406 8.08845
-2.04242 1.03277 8.65579
1.69871 -0.392805 7.68004
-1.23663 1.2094 8.7703
-2.7016 -2.07286 9.91349
1.57543 3.5097 10.3965
2.19401 3.25505 10.2162
1.03954 -2.12 9.89784
2.4713 0.725441 8.32063
1.41303 0.0962472 7.82681
1.51612 2.43421 9.59101
1.83042 -4.01904 8.66709
2.29765 3.18924 10.1241
2.06728 -4.56896 8.32808
-0.00664022 1.03231 8.64104
1.50678 2.48455 9.64548
-0.612416 0.775475 8.49466
2.05978 -4.52183 8.25705
4.24952 -1.98492 10.159
2.71942 0.403576 8.07631
1.90187 -2.07492 9.96793
1.62973 -0.400173 7.68724
3.56185 -1.98003 10.172
3.18112 2.56229 9.90316
-0.921686 -3.26956 9.11774
1.54846 2.48814 9.55969
2.22018 0.0628543 7.85341
1.83161 -0.22451 7.67757
1.49862 -3.92608 8.74586
3.88738 -0.916156 10.9088
0.384088 1.1751 8.71943
2.13706 -0.0506051 7.74396
0.726382 -3.31598 9.04392
1.59019 0.386277 8.1176
-0.866012 -1.53077 10.1917
1.78541 0.903445 8.44079
3.48675 -1.08635 10.7382
-0.952225 -3.33037 9.07708
-0.927248 -3.29035 8.97475
1.55136 -3.84501 8.77112
0.122378 3.032 10.0579
0.155607 1.0744 8.67653
1.85059 -2.06306 9.97346
1.96753 -0.0443865 7.76634
2.12279 0.0496151 7.82706
-0.382053 -1.50008 10.328
6.09417 5.11557 14.7435
-0.953481 -3.36553 9.07219
-0.918195 -3.29712 8.89534
2.43377 0.0461556 7.87638
1.54445 -0.171889 7.75679
0.17259 0.612169 8.30324
-0.509974 -0.796376 9.47911
2.74112 -2.20719 9.96804
0.771955 2.61465 9.72948
0.602622 -1.90212 9.9498
2.63733 2.91855 9.90586
1.74741 -0.78692 7.94703
-0.234266 0.582207 8.3607
1.71015 -0.025295 7.74221
0.543071 -3.40231 8.96978
-0.482986 -0.813272 9.51037
0.636477 -3.6963 8.79097
1.44469 0.0384433 7.75386
0.837863 -3.71939 8.8511
0.465329 -1.48914 10.254
1.61976 -0.788262 8.04578
0.788691 -1.65788 10.2334
1.73189 -0.4498 7.66874
0.955346 0.629674 8.27323
2.65935 2.85614 9.84202
1.41439 1.13538 8.66966
-2.2681 1.18034 8.81725
3.02675 2.71012 9.82297
0.869454 -3.68879 8.85779
-2.81998 -2.12343 9.81942
1.33818 3.70338 10.5841
-0.0479528 0.622497 8.27723
-0.361952 -3.6418 8.82703
-0.362195 -3.6176 8.81948
0.193797 0.91377 8.60116
3.04455 -2.24652 9.89252
1.52358 -2.06289 10.0191
4.24374 -1.02436 10.8772
-1.30194 -0.909021 9.82316
1.32345 0.0190881 7.90875
1.17935 2.77878 9.90251
2.53352 2.79251 9.82976
1.75329 -0.441455 7.68696
2.56581 2.78593 9.83773
2.83353 2.76727 9.78484
0.526359 -2.6115 9.5449
3.40292 -2.34663 9.95863
2.18234 -2.21618 9.89574
-3.78571 -0.942427 10.8242
2.31028 -2.2935 9.78243
1.70009 0.00701632 7.80271
1.14528 -3.59593 8.9592
0.91546 -4.81379 8.18491
1.07752 3.71518 10.585
0.927535 2.74031 9.83548
0.786019 -2.19429 9.87583
1.7058 1.08344 8.57486
-0.206632 0.635361 8.36931
-0.726039 0.473009 8.21905
4.36069 0.92755 12.1628
1.8008 -3.47097 8.85057
-0.17963 0.905124 8.52814
0.304394 0.707832 8.36766
2.15325 1.59819 8.987
3.79031 -2.68262 9.65935
1.38815 3.65463 10.4838
1.84947 -3.44658 8.91442
1.03023 -3.72202 8.88251
1.00397 0.611944 8.28258
0.522085 1.08885 8.58591
2.09859 0.875374 8.42534
0.301881 3.37201 10.3061
2.42475 1.07609 8.59694
1.80622 2.4241 9.52328
-0.193737 -2.22034 9.78443
1.91947 -2.64914 9.5394
-0.736867 0.576991 8.27088
1.6992 -3.87347 8.79171
0.427758 -3.82513 8.72798
-0.317941 3.02052 10.1531
2.14309 2.44501 9.53761
0.0617662 3.08227 10.1507
1.63217 -2.60558 9.56526
1.39818 -3.39675 9.03794
-0.505499 1.08864 8.70887
0.148954 0.297046 8.24109
-0.0593962 -3.79947 8.8127
-0.269551 2.60929 9.78521
3.83057 -2.27874 9.81869
2.4543 -4.54108 8.39089
1.7984 -4.01253 8.72392
0.711514 -1.88131 9.99581
-2.45818 1.7148 9.21814
-0.284985 0.316495 8.15364
-2.74004 -2.37447 9.60418
-2.71522 -2.09549 9.87639
-0.630765 -1.27994 10.1932
-0.0558856 0.652035 8.35147
0.293996 0.70852 8.40685
-0.583682 0.472897 8.18849
1.36226 2.5229 9.60602
-0.150182 -3.82161 8.70253
1.52592 -3.29338 8.97827
2.12445 2.51766 9.65952
-1.07985 -2.02241 9.92004
3.2734 -1.7686 10.2641
1.87301 0.0677157 7.85979
1.0315 1.00524 8.5937
0.518025 -3.33718 9.10756
0.553619 -2.42618 9.6346
2.29195 -3.29995 9.10769
1.7422 0.0781134 7.83232
1.98654 1.01038 8.47773
1.44785 -3.95867 8.73835
2.10353 3.54658 10.4131
1.20364 0.695883 8.2874
-2.27579 1.22666 8.82377
0.94798 -3.9843 8.76242
0.768415 2.47886 9.68088
1.73776 0.874121 8.46253
0.511265 0.920771 8.57686
-1.73978 3.57832 10.5357
1.12528 -4.03653 8.7564
1.50241 -4.02558 8.71378
-0.547733 0.316652 8.10996
-0.335083 -2.42403 9.69575
3.46654 -3.26972 9.15579
-1.52917 1.40644 8.89353
2.35223 -3.26276 9.19014
1.67749 0.927152 8.46839
0.252393 1.01659 8.62627
0.655134 -3.22095 9.16524
3.17403 2.41075 9.61677
1.29507 1.68516 9.02548
3.27674 -1.95293 10.1094
1.28709 -2.70845 9.56193
1.86506 -3.18463 9.10238
2.33319 2.36614 9.4852
2.10875 -4.58727 8.24362
2.29893 3.50392 10.4218
0.102475 -4.0349 8.58155
-1.60294 -3.99873 8.5606
3.53444 -1.13384 10.7808
1.91887 0.966309 8.45446
0.067477 0.546985 8.20945
1.10481 -2.00116 9.96388
4.93148 4.98254 14.749
0.427599 -2.2688 9.68031
2.0931 -4.10783 8.57736
0.76919 -3.12275 9.16887
0.800807 3.336 10.2323
0.319652 -2.59476 9.51895
0.796469 -1.9986 9.96325
1.42264 0.0626245 7.89456
0.464141 0.575943 8.34688
1.5301 3.9462 10.6806
-0.146573 0.821772 8.46186
0.908046 -2.09166 9.96336
0.144403 -4.16251 8.63032
0.00852032 0.423959 8.23355
0.349848 -3.41943 8.96511
1.8513 -4.15698 8.53375
-0.664413 -4.58763 8.25042
1.28214 4.39343 10.9977
0.459599 -2.69199 9.48361
-1.47722 1.54074 8.98469
1.51309 -2.7035 9.56242
-1.40502 0.68087 8.31972
0.0884373 -4.11292 8.74253
1.25166 -4.22938 8.66859
0.123117 0.896256 8.49047
-1.11338 -1.9201 9.94016
2.69415 -2.75326 9.54171
0.437389 1.71706 9.16203
2.25784 -2.46245 9.73648
0.469189 1.69905 9.08183
0.215295 -1.39274 10.3687
-1.76218 0.816087 8.47985
-0.280451 1.73975 9.13423
4.21899 -2.66768 9.80416
1.72412 1.72742 9.03552
2.07798 1.34562 8.71262
0.211523 0.307846 8.29398
-0.0869005 0.723231 8.39009
1.1801 1.74563 9.05345
1.94398 -2.84075 9.39874
1.92224 -2.05515 9.97672
2.63073 -2.86286 9.46492
1.37374 0.336639 8.05451
0.597645 -1.87937 10.0017
0.663215 -3.66143 8.92663
-0.0196674 -2.72524 9.33047
-1.14938 -1.96513 10.1202
0.759642 -3.68603 8.89786
2.86786 -3.58847 8.78578
0.784045 -3.70467 8.88774
0.812807 2.80405 9.9
0.705707 1.09912 8.57235
1.34446 4.0238 10.7623
1.14677 -3.68653 8.81383
1.40849 3.71855 10.542
-2.7757 3.93488 11.6621
2.37846 -4.11601 8.57447
-0.893585 -2.30353 9.69132
0.065484 -4.36717 8.43289
1.38533 3.72437 10.5304
0.597565 -3.49309 8.98045
-1.60017 -1.65689 10.1156
0.588385 1.63638 8.9629
0.12754 -4.23337 8.67205
-0.664092 0.400879 8.15025
0.113439 2.68795 9.82115
0.943422 -3.78993 8.91323
0.335389 -3.43458 9.03658
-0.684156 -3.16306 9.24823
-1.16176 -2.62751 9.49471
-0.337967 2.66362 9.79135
2.29091 -3.25814 9.10279
1.4245 3.82934 10.7169
-1.68073 -3.31112 8.99673
1.5907 4.38611 11.03
0.98 -2.38623 9.67026
0.267497 -1.66522 10.138
4.57464 -1.405 10.5773
2.08752 1.83739 9.07548
0.0678696 1.98009 9.30376
-0.387058 1.9936 9.32702
1.83661 -3.30749 9.0861
0.381136 -2.864 9.31088
2.06661 -2.51085 9.65237
1.70518 2.09957 9.36263
0.172451 -4.3058 8.51569
0.191221 1.00472 8.62088
1.42892 -3.85273 8.76705
0.663224 -1.81758 10.056
1.38044 2.06654 9.28324
-0.0365073 -1.88804 10.0242
0.913483 -3.2471 9.09393
0.589451 1.63355 8.99911
-1.96127 -2.87569 9.32535
0.127145 1.62086 9.13851
1.90501 -4.5321 8.23601
-1.582 -1.82826 10.0289
1.91139 2.11108 9.48147
0.854417 -4.73537 8.26572
2.51308 2.07149 9.33781
1.37112 -2.64945 9.59148
4.41664 -2.4419 9.92008
0.154051 -4.27922 8.50507
-1.25288 -1.9808 9.93501
1.82233 -4.02944 8.64096
3.39882 -2.11715 10.0413
-0.25623 1.05912 8.67501
-0.918976 0.608817 8.34542
1.73179 -4.36029 8.52831
2.19942 -4.02034 8.62288
2.22778 -2.01209 10.0034
1.06967 3.14329 10.2176
1.45049 2.37187 9.55521
-2.91791 -2.45604 9.65444
0.207447 1.22219 8.75853
1.28974 0.117488 7.90267
-2.32148 1.36755 8.95276
2.33817 -4.23384 8.38732
2.45775 0.661477 8.25656
1.44253 1.94541 9.21132
3.33473 -2.39809 9.82378
1.78208 3.94069 10.6836
2.30252 2.15619 9.41606
1.70393 0.84298 8.42824
-0.0896404 -4.68897 8.17855
-4.29451 -1.15915 10.5964
0.143393 3.01885 10.0801
3.52592 -2.52057 9.82291
-1.08952 0.700526 8.41512
-0.126021 0.474764 8.18507
-1.01072 -1.90947 9.93929
-3.2627 -1.08758 10.5616
-1.17597 1.17843 8.71504
-1.21578 -3.8802 8.58993
2.3209 3.39177 10.3017
2.23229 -4.52673 8.34031
-2.31427 1.81359 9.22877
0.357829 1.16305 8.73837
3.41925 -4.09085 8.65486
0.98618 3.14708 10.2237
-2.80737 -1.67918 10.1513
0.888696 -3.86929 8.8504
1.08197 -3.88161 8.87641
0.011531 1.56104 9.00677
0.638103 -3.45213 9.02123
-1.87485 -3.37308 9.00004
-0.502098 -3.02508 9.18851
2.08511 -4.57371 8.27667
0.495571 -3.60048 8.98284
0.941959 -4.7682 8.28467
-0.808912 -1.59203 10.1603
0.560477 -1.83862 10.0337
0.894717 -4.85764 8.19786
-0.249451 2.97205 10.1136
-0.776688 1.73581 9.1709
1.21162 0.435072 8.11354
-3.40563 -1.13627 10.6744
0.768769 -3.79032 8.89644
0.0431344 0.587533 8.26566
0.313301 -4.97143 8.0302
0.815709 3.41178 10.27
0.0160658 -2.30242 9.69139
1.17768 3.75444 10.5166
2.58372 -2.71518 9.56327
0.398389 3.77221 10.6525
0.514361 -1.85948 9.97421
-2.79426 -2.30176 9.64232
-0.197266 2.96364 9.99125
3.30503 -2.05886 10.1581
-1.23033 -2.03271 9.90328
0.325305 -3.04049 9.27067
2.63089 -1.59058 10.2822
-0.273709 1.41421 8.93658
-0.567289 0.406074 8.17821
1.09941 -4.45922 8.39245
-1.97974 -2.99802 9.21239
0.381286 3.78577 10.6032
-0.993953 -4.8451 8.00307
-0.947186 1.35591 8.85196
-0.239013 0.987883 8.57562
2.7884 -2.99369 9.3571
2.11981 -4.49351 8.36454
0.323078 -3.44171 8.97173
1.15278 -4.39228 8.51519
1.31605 1.66998 9.00031
2.16396 2.47271 9.64234
1.29584 1.68021 9.0235
-1.15802 -4.83521 8.0826
0.273495 0.966938 8.63817
1.32853 -0.14835 7.94568
1.75597 0.930721 8.46606
3.89753 -0.908006 10.9312
-1.14221 -4.83004 8.15656
-0.999328 -4.82542 8.16226
-0.444186 1.94035 9.34112
0.873361 -4.85908 8.24943
0.445236 -4.7634 8.10986
0.169899 0.932809 8.50687
4.3348 -0.781059 10.9978
1.79905 0.911813 8.47851
1.24656 -4.7914 8.18418
2.04466 1.68534 9.03448
1.29962 4.509 11.0604
1.2497 -4.7554 8.20037
0.409512 1.66969 9.0099
1.19673 4.49328 11.1157
-0.093916 -4.72519 8.23213
0.189159 0.916693 8.57847
1.58042 -4.75679 8.24441
0.072163 0.985129 8.54148
-3.75732 -0.934588 10.752
0.506476 0.90799 8.53827
0.548608 0.904076 8.53385
0.801923 0.904238 8.48402
1.99493 1.92809 9.17484
-0.663289 -4.5888 8.25467
-0.996387 -0.590783 9.2688
0.300611 -0.983064 10.1207
1.43748 1.9367 9.16925
1.75018 -0.791209 7.97054
-0.17436 0.902742 8.50491
1.70202 -0.805891 8.02307
1.25858 1.82179 9.15229
0.917149 0.881062 8.40935
1.91968 -4.5597 8.29761
2.01419 -4.526 8.24246
2.06325 -4.54314 8.29306
1.78993 -0.115889 7.69388
1.52034 -0.928232 8.27167
4.36393 -1.12058 10.7882
1.584 0.988204 8.48229
0.464527 1.70391 9.09071
2.22379 -4.49872 8.28633
4.43804 -1.12682 10.7739
0.249774 1.01602 8.61441
3.51366 -1.12661 10.7063
-2.04439 1.0349 8.65867
1.79916 -4.0287 8.74626
1.68032 -0.463536 7.68253
1.05963 4.22704 11.0409
2.00143 1.65014 9.00359
0.133264 1.02496 8.59537
-0.0097095 1.0174 8.51306
2.39402 2.00542 9.23406
1.71136 0.844871 8.45675
-2.46386 1.70641 9.21862
1.66956 4.07346 10.8534
4.35014 -1.24821 10.6671
-4.28039 -1.15913 10.5774
-2.50298 -4.15461 8.37606
1.38041 2.06303 9.29795
2.34503 -4.24341 8.41395
0.0363048 0.835164 8.56236
1.54044 3.99232 10.809
1.20409 1.79489 9.13278
-1.89331 0.842379 8.51627
2.1981 2.09657 9.43976
0.58862 1.6458 9.02572
0.185818 -4.18295 8.47797
3.5805 -1.36427 10.5976
1.57748 -4.24521 8.57654
-0.635724 -1.28644 10.2254
1.70258 -0.0957641 7.68438
-0.67321 -1.32837 10.4833
0.0924176 -4.17951 8.57298
2.09299 -4.60441 8.3284
-0.32807 0.8033 8.45374
0.50383 0.792009 8.42706
4.61334 -1.42087 10.6671
1.48603 -2.46998 9.66482
1.24037 -4.17879 8.57725
1.32083 -0.0948635 7.75014
0.156816 1.07448 8.64887
1.70015 -0.397338 7.67148
4.11226 -1.44389 10.6743
1.96803 -0.182815 7.69874
1.64707 3.89713 10.7351
-1.76764 0.813939 8.50093
1.66354 -0.321059 7.64845
1.48282 -4.14535 8.62751
1.44458 -4.12574 8.59318
3.91354 -1.46152 10.6077
-0.248821 -1.38378 10.2701
-0.0196853 -2.43173 9.67752
2.09176 -4.10751 8.56704
0.22107 -1.37461 10.226
-0.20186 0.79057 8.42644
2.98201 -4.04661 8.49663
-2.30243 -1.38511 10.3909
-1.6205 -4.02416 8.61822
-1.43356 -1.38152 10.3216
-0.449017 -1.41493 10.2519
3.40476 -4.05235 8.52677
3.80095 -1.52235 10.5535
-1.92882 1.12589 8.75354
0.687553 1.10252 8.65829
1.81162 -4.02607 8.61274
2.29139 2.14134 9.35847
-2.45059 1.68243 9.2091
-1.1053 1.12613 8.74241
0.395514 3.76723 10.6173
2.4679 -3.9553 8.59509
0.466385 -1.48921 10.2354
-0.574831 0.751274 8.43814
-1.22963 -3.91884 8.65825
0.411566 0.739422 8.43587
1.39471 3.7009 10.4837
-0.374656 -1.49067 10.2284
1.72975 -3.92916 8.63368
-1.89991 1.13894 8.72731
2.34307 1.6131 8.99549
0.695316 0.72752 8.42363
1.44514 -3.95657 8.72717
1.52621 3.67836 10.4966
1.4984 -3.92983 8.7395
0.464757 0.72364 8.44924
2.04606 1.7602 9.08306
0.421725 -2.83743 9.44945
-2.48075 1.76588 9.24515
-0.866021 -1.5478 10.28
1.6135 -3.90625 8.75046
0.931442 -3.89953 8.75516
2.02555 -0.323517 7.63511
0.654644 0.708397 8.38248
1.51884 -3.90348 8.79521
3.0547 -2.09119 10.0271
0.746461 0.706536 8.45976
-0.149706 -3.83312 8.71614
2.28403 -0.036833 7.81628
2.12402 2.18059 9.33335
0.851873 -3.87853 8.80752
6.1393 5.17222 14.8732
1.05324 2.58863 9.72443
1.42347 -3.83799 8.72844
1.737 2.21052 9.45947
3.75732 -3.87016 8.7518
1.57852 -3.86007 8.80207
1.54562 -3.86029 8.80132
1.64283 -2.20444 9.81964
3.1493 -1.62994 10.3653
-0.827781 -1.58057 10.2345
-0.0190416 1.63774 9.114
1.53178 -3.81508 8.80347
2.04017 -3.77502 8.72434
1.58229 -3.78694 8.80066
1.96671 -0.0403866 7.80716
-0.33591 -1.59227 10.1968
2.62749 -3.75252 8.71783
-1.32569 0.361683 8.19735
2.3495 2.21751 9.43007
1.89572 2.21852 9.44096
3.3753 -2.37144 9.9246
0.833087 -3.72498 8.84707
6.23001 5.20489 15.1665
0.977629 -3.74345 8.94175
-1.07924 0.699996 8.35569
2.17841 -0.0277805 7.80877
1.51672 3.52108 10.3738
0.872376 -3.69876 8.88227
1.55522 -3.68158 8.85295
1.18645 1.75254 9.11067
-2.25349 -1.65024 10.314
-2.27141 1.18947 8.82177
0.66017 -3.66015 8.91265
1.70211 2.24302 9.43909
1.81525 -0.0123005 7.74945
0.191192 -1.65947 10.1593
4.47494 0.997179 12.176
-1.18624 1.1842 8.75077
5.1538 5.16861 15.2596
2.85727 -3.58461 8.76773
6.14991 5.13055 15.1608
1.13867 -3.56676 8.87823
2.90677 -1.75462 10.2522
-2.80831 -1.68007 10.1317
0.299978 -1.72088 10.1735
1.85655 -0.235316 7.67676
3.26786 -1.7696 10.2454
2.29428 -3.27672 9.13843
0.599981 -1.89644 10.095
2.59297 -3.54012 8.89977
-0.215222 1.75023 9.10435
0.977 3.44512 10.3619
1.79735 -3.46871 8.85106
-0.72533 -1.72238 10.1624
1.37197 -3.31541 8.9555
4.27142 4.91211 14.6688
4.63164 4.97571 14.879
5.052 5.01535 15.0148
4.56968 -0.379926 11.3149
2.77561 2.33097 9.59037
2.11744 -0.261992 7.78
2.15234 2.31075 9.49477
1.41956 2.31307 9.50464
-2.16846 -3.37751 8.87827
0.909124 0.638185 8.3214
1.84528 -3.43156 8.87511
0.541175 -3.39607 8.97119
-1.5642 0.651182 8.36867
4.4724 4.84378 14.6053
-1.22808 1.20009 8.73778
0.959411 0.622317 8.28723
-1.88002 -3.3778 9.01528
0.848569 3.45675 10.3546
2.12699 -0.00291385 7.70561
-3.38559 -1.73375 10.1021
3.35883 -3.45305 9.12276
2.09358 -0.250755 7.6396
-0.0537869 0.621988 8.29716
1.00097 0.608962 8.28933
1.2738 3.37062 10.2985
0.170389 0.613076 8.33071
-0.925021 -3.34084 9.03243
-1.69256 -3.32636 9.0299
1.3227 0.0207827 7.90589
-0.949481 -3.3384 9.08337
3.22687 -3.39088 9.0655
-0.201144 -1.46328 10.2627
0.128079 1.61502 9.12683
0.516261 -3.33951 9.10855
0.816768 -3.89456 8.87444
-1.91311 0.631442 8.40688
1.2599 -3.30732 9.02914
0.247985 3.34291 10.2911
-1.80959 1.23864 8.80027
1.20649 3.29906 10.175
1.71376 -3.28721 9.01046
1.45299 2.37315 9.55714
3.5322 -1.90044 10.1014
-1.57287 -1.82851 9.97857
2.27852 -3.28467 9.06712
-0.51115 0.600908 8.3368
0.913989 -3.25541 9.11324
2.38819 -1.893 10.0756
-0.0730389 0.590394 8.28443
0.0454594 0.588866 8.27863
0.185614 1.24319 8.78763
2.51072 0.564687 8.17998
0.463039 0.577318 8.30142
0.93312 0.569507 8.18671
2.42774 0.0487036 7.86606
-0.0325999 -1.8874 10.0062
2.29993 0.0501918 7.80164
1.48905 0.0592422 7.87006
1.52964 2.45178 9.7166
3.83964 -3.20524 9.25436
0.605704 -1.92141 10.005
-0.657423 -3.09938 9.17924
-3.72998 -1.88062 10.0472
-0.755873 -3.06879 9.1232
1.81521 2.44049 9.60459
-0.229779 0.571172 8.27367
-1.97321 -3.04331 9.14473
-1.69009 -1.9006 9.96735
-1.02843 -1.93365 10.0556
0.769283 -1.92091 9.89326
0.00947559 1.56049 8.99438
-1.11771 -1.92555 9.90129
-2.31099 1.2886 8.85635
0.0677088 0.54668 8.27843
1.72127 -4.30539 8.43039
-2.92541 -3.00165 9.1827
-0.14676 0.539713 8.22958
-1.99918 -2.97472 9.14138
-0.101186 0.528147 8.23222
1.48549 -3.03359 9.19332
0.788307 -1.98092 9.86654
-1.32113 -3.01757 9.27022
1.1012 -2.00398 9.96672
1.54122 -3.02397 9.1899
1.0493 0.521231 8.22677
2.29667 3.18951 10.1293
1.95165 -3.02063 9.23555
-1.47883 0.527842 8.3178
2.23802 0.090156 7.84719
-1.25378 -1.97576 9.89659
1.67692 0.0951487 7.87858
1.77897 -0.616857 7.8498
1.73772 0.87935 8.4722
2.7844 -3.02699 9.31936
-1.16315 -2.96969 9.32152
2.31017 -2.29435 9.79761
2.17626 2.48888 9.62271
1.66611 3.91834 10.6897
2.12004 2.50337 9.63398
2.25953 -2.0863 10.0448
-0.584773 0.474039 8.20358
1.552 2.49301 9.58164
3.98701 -2.11512 10.0937
-1.962 -2.87518 9.31169
-1.07847 -2.02081 9.91495
1.50254 -2.92157 9.33291
1.84663 -2.07782 10.0062
1.89932 -2.07366 9.94989
2.57511 -2.90397 9.33369
1.96 0.111994 7.85303
0.38436 -2.88124 9.3622
3.9746 -2.12473 10.0277
1.27312 0.440818 8.13007
1.45595 0.124512 7.92556
0.214488 0.306109 8.2606
0.440554 -2.85058 9.361
-1.43763 3.18234 10.3113
-0.194662 -2.21112 9.74983
2.91221 -2.1499 10.0126
1.05954 3.10765 10.1184
0.0877908 1.32389 8.84886
-1.05761 0.454635 8.20479
1.94172 -2.85095 9.40611
2.54909 0.417403 8.06368
2.60863 2.57078 9.71489
2.3868 0.124476 7.89127
2.58764 -2.85807 9.48399
1.31918 0.138159 7.92468
-0.943793 1.34471 8.82804
2.8871 2.94999 9.89965
-0.615274 -2.74916 9.39352
-0.868129 0.432382 8.22805
-0.0198108 -2.72729 9.33397
-0.167199 0.424228 8.1955
-1.16747 -2.65274 9.5393
1.29922 0.148972 7.94949
-2.68791 -2.07796 9.78377
-1.28447 3.0984 10.2111
0.122954 3.04167 10.0423
2.7122 -2.18513 9.8716
-1.57388 1.53827 9.0683
-2.84569 -2.07856 9.9018
1.02798 2.59619 9.71156
4.43262 -2.25124 10.0729
0.775144 2.6346 9.80451
1.81661 -3.9897 8.61496
2.70789 -2.78188 9.61491
-1.88828 -2.65431 9.42217
-2.82735 -2.14972 9.86531
-0.33882 3.06498 10.1922
3.15617 -2.76494 9.5867
0.46181 -2.69725 9.48334
0.00740981 -2.68925 9.45641
-0.478124 0.383531 8.19269
-0.0139169 -2.65544 9.3963
1.27638 -2.68826 9.48665
1.9463 2.6322 9.75531
2.18278 -2.22702 9.91905
2.86074 2.97996 10.0082
1.33506 -2.67608 9.55294
1.38717 0.183233 7.96762
3.78767 -2.72945 9.71709
0.953787 2.65561 9.78917
0.0716786 2.95916 9.97854
0.460886 -2.21093 9.72582
1.55008 -2.66241 9.59272
1.94731 2.6801 9.85838
1.37124 -2.66114 9.62788
0.430477 2.69423 9.87526
2.73096 0.337024 8.09902
3.80547 -2.70312 9.70094
3.8614 -2.30723 9.90945
0.524587 -2.60758 9.51892
0.0494762 -2.58972 9.49551
3.98018 -2.68976 9.69147
2.64303 2.92516 9.93837
0.323576 -2.58729 9.49934
0.297686 0.356955 8.26367
-0.315891 2.67668 9.756
-0.246308 2.9639 10.0784
-1.53235 1.40843 8.9009
-1.29968 -2.9878 9.25086
3.39988 -2.34613 9.94201
-0.155354 1.47174 8.91825
3.95041 -2.64927 9.73061
1.37152 -2.5571 9.55515
1.0065 0.210736 8.03003
0.90706 -2.31089 9.78582
2.68056 2.88433 9.93658
-0.535983 0.316841 8.14806
0.988874 1.40294 8.88896
2.64027 0.202829 7.93985
2.53143 0.203844 7.9344
2.43672 1.43864 8.83313
3.9132 -2.39283 9.90212
2.41089 0.285486 8.03173
1.79121 -3.20749 9.13683
3.9266 -2.41459 9.86973
1.06782 -2.35291 9.71855
-2.9097 -2.46831 9.64771
3.51759 -2.41199 9.84475
2.60308 -2.5419 9.69314
0.460687 -2.48983 9.6161
0.153756 0.298248 8.23624
1.13497 0.278422 8.03012
1.19931 -2.47709 9.58013
0.734547 -2.48895 9.63523
3.89506 -2.44603 9.85395
-2.79531 -2.30194 9.62923
1.03464 -2.3842 9.7323
0.699696 -2.44692 9.51865
-2.75112 -2.4139 9.61652
1.03226 0.238789 8.0821
1.55111 -2.37957 9.69478
3.4888 -2.44362 9.83049
0.921893 2.74544 9.81465
0.96195 1.4328 8.94081
0.269279 -1.66406 10.1117
1.21462 -2.48621 9.76843
2.54534 2.80551 9.8646
-2.80198 -2.38624 9.57274
3.53027 -2.52966 9.83057
-2.72594 -2.36728 9.56748
1.20511 -2.4262 9.59923
0.548594 -2.42367 9.62053
1.24307 0.24994 8.02095
2.25782 -2.45222 9.68994
1.56522 -2.42604 9.64735
1.08167 -2.42032 9.63904
-4.83538 2.15567 12.9439
0.999682 0.248469 8.04404
1.39927 -2.4365 9.69858
-0.445774 -4.58864 8.3221
0.0660489 1.96399 9.23969
-0.731108 1.70861 9.13615
-0.912663 0.61176 8.31199
0.559698 -1.84236 10.0371
0.57742 2.81479 9.87751
1.2047 -3.32679 9.01149
0.432321 0.919735 8.52926
-0.728435 0.473578 8.23102
-1.49175 -2.48012 9.61812
1.27046 2.49277 9.58988
0.615596 -1.69278 10.0904
3.95219 -2.16479 10.0222
4.03435 -2.16069 10.0205
-0.246552 1.00199 8.58883
0.0567841 3.73463 10.636
0.517857 1.0895 8.65136
1.13324 -4.06276 8.62215
0.100088 -4.06469 8.63911
-1.88968 -2.70774 9.48114
-1.15485 0.800328 8.47788
-0.511077 1.08942 8.73122
-0.4486 1.03459 8.64293
1.4765 -2.24571 9.81936
-0.924267 -3.50985 8.92696
-0.742537 0.579282 8.30784
0.624238 -3.5215 8.76243
0.946435 -4.76578 8.26109
-3.63568 -0.954242 10.7306
-2.59961 -2.62762 9.61431
-1.59426 -1.65217 10.0888
-2.03679 0.869307 8.56759
-1.23227 -2.63894 9.50483
1.70218 -4.48306 8.31481
2.34622 -3.24674 9.12504
1.9472 -3.45759 8.85804
0.784671 -2.19652 9.86765
-0.621339 -4.12921 8.49977
-0.933591 0.550145 8.2935
1.32454 -4.16943 8.57687
0.965309 3.37746 10.2531
1.69926 -3.8677 8.77355
3.13354 -2.89969 9.47546
2.80551 -4.15259 8.446
2.33215 -2.75284 9.37658
2.25355 -3.30658 9.15264
1.52953 3.73673 10.59
2.42451 -4.00879 8.61161
2.21769 -4.0594 8.70529
-1.40722 0.950771 8.5364
-0.204174 0.628617 8.29766
1.82876 2.61757 9.76297
0.507396 -2.91845 9.37276
-1.1544 0.428476 8.1855
-0.419559 0.629301 8.39387
-0.0304494 1.66561 9.08503
3.78674 -2.67847 9.63993
-2.2755 1.22463 8.81905
1.17899 -2.62668 9.56502
3.48451 -3.22118 9.16385
0.0547774 -2.58736 9.48697
0.997781 0.557059 8.35333
-1.19082 -2.59578 9.46583
3.971 -2.67946 9.65986
-1.80555 1.23942 8.79507
0.21694 1.24088 8.80873
-1.16402 -4.86017 8.1294
4.18791 -2.66715 9.72525
1.32304 4.69847 11.4363
0.190736 1.25073 8.79373
1.41481 1.14115 8.70588
1.85183 -2.09482 9.91494
1.51098 4.51124 11.12
1.3877 4.51292 11.1518
-2.77344 -2.52006 9.55431
-1.22845 -2.64434 9.50553
3.95075 -2.64342 9.70854
-1.16633 -2.63746 9.49749
1.81549 -0.310071 7.63399
0.681129 4.38468 11.0359
1.6313 4.39657 11.0664
1.84342 -0.41433 7.69235
0.52874 0.823494 8.42787
1.38301 -2.56591 9.59588
0.592258 -2.67537 9.49922
2.0493 -0.288493 7.51524
2.0271 -0.28934 7.62703
0.176753 1.28443 8.76148
1.81447 -4.02722 8.62712
-1.13557 -4.82104 8.13849
1.2859 -2.70622 9.54385
-2.32114 1.35678 8.94259
3.34284 -2.58647 9.78726
-0.427328 -2.67224 9.46748
1.53036 3.91176 10.5749
-1.10305 1.12273 8.71072
-0.146662 1.11925 8.76765
-0.746296 1.72778 9.2237
-0.0112584 -2.65891 9.40845
2.97751 -4.0416 8.4824
2.60725 -2.54315 9.70897
2.07443 -2.51988 9.63047
3.59554 -3.58598 8.98943
0.876384 -2.68068 9.42465
4.06186 -0.356358 11.2198
4.95481 -0.472176 11.2487
1.20846 -2.47326 9.57835
-2.00479 1.08356 8.68221
2.64773 -3.53148 8.9611
-0.272285 1.05721 8.62347
-2.77593 -2.43586 9.6464
-1.88548 -2.64946 9.41607
4.32237 -0.774043 10.963
2.4084 -3.97012 8.5385
-1.54878 1.41813 8.96708
0.443987 -4.8072 8.18358
0.465502 -2.70463 9.48839
2.4534 -4.0307 8.59094
0.390753 3.7589 10.62
-0.896703 -2.41653 9.68149
-0.239099 1.04798 8.62064
2.23967 3.70709 10.5327
-2.73851 -2.36936 9.60857
1.82638 -4.00236 8.63982
0.983127 1.40169 8.80916
0.957868 1.41531 8.90587
-0.147284 1.03315 8.60016
1.61531 -0.575024 7.76398
1.6584 -0.578749 7.82916
-1.83155 -4.65663 8.05034
0.130829 1.03093 8.61104
1.00419 -2.7144 9.43682
1.34695 3.66626 10.5052
1.37554 3.65886 10.4907
0.538239 -3.39852 8.97957
1.83762 -0.197168 7.682
1.3393 -4.84517 8.27383
-2.72488 -2.37175 9.69337
-2.05428 1.05228 8.71167
1.75402 -0.196876 7.65437
1.24304 -4.745 8.112
1.56271 -2.38873 9.72712
-0.28627 -4.75604 8.18392
-0.930393 -3.51899 8.93194
1.43418 -4.10575 8.5536
1.48188 -4.14986 8.64682
-0.962766 -2.05578 10.0584
-2.85531 -2.31198 9.63098
3.46136 -2.41921 9.75142
6.25427 5.2697 15.1791
1.02525 -2.36852 9.67213
1.73336 2.34418 9.57448
-2.79194 -2.29941 9.61269
3.87471 -2.42172 9.80147
-0.0155344 -2.72196 9.38531
3.29752 -2.41689 9.81386
0.784825 -2.7654 9.47624
0.964434 -2.74968 9.43373
2.34204 -2.77294 9.43769
1.24002 -4.72791 8.1444
3.50964 -2.40889 9.83435
1.95974 -3.54896 8.89812
0.0749443 0.997913 8.60285
-0.394157 -4.07488 8.53728
1.06723 -2.33345 9.68702
1.97321 1.472 8.87878
-1.06707 -4.10446 8.46902
0.197026 1.67407 9.13077
-0.195414 0.986381 8.60348
3.93356 -2.4002 9.94079
5.99666 4.98755 14.7409
4.61671 5.04228 14.9858
0.695722 0.977336 8.56895
0.973427 3.45296 10.3821
-0.507608 -0.794911 9.45713
2.03552 1.50512 8.90674
1.56147 -4.66368 8.09974
1.36481 3.46903 10.4847
-0.223659 1.53602 9.01498
4.7881 5.11856 15.1643
4.63767 4.9556 14.8432
1.2389 -4.16432 8.56239
3.40631 -2.34102 9.91172
-2.41365 -2.71331 9.34182
4.47448 4.85389 14.6142
-0.832057 3.44416 10.4585
-2.86452 -2.21779 9.81341
4.23956 -1.01543 10.8559
1.48597 -4.71664 8.21453
-0.564815 -2.78645 9.37291
2.79276 -4.10843 8.37967
-0.00756578 1.58327 9.08958
1.57865 -2.259 9.79353
2.46831 -3.96345 8.60782
3.8426 -2.29528 9.84401
-2.48043 -0.972057 10.7298
-1.30862 -0.90393 9.82787
2.57859 -2.83107 9.34531
1.61869 -0.786117 8.15905
1.56322 -4.2113 8.61154
0.162498 0.9353 8.51331
3.80397 -1.06399 10.7638
1.21689 3.31805 10.2458
0.131779 1.59831 9.03586
1.95267 -2.85844 9.42525
0.78602 3.29102 10.2092
3.82278 -2.26264 9.88516
1.63956 -2.22142 9.82303
1.79162 0.908811 8.42208
-0.841016 -3.6895 8.75746
-0.482369 0.387022 8.19739
-1.27904 0.357173 8.14257
2.48952 3.29167 10.3146
1.29042 -0.141037 7.77602
1.74961 -0.789873 7.96739
0.664832 0.922237 8.53011
-0.887938 -2.14523 9.80601
3.75948 -1.07903 10.7468
-2.84276 -2.11675 9.79884
-1.22998 -3.89304 8.60429
-0.673182 0.400743 8.16728
-0.942818 -3.32615 9.05657
2.71167 -2.18895 9.88567
2.66323 0.303863 8.07835
-0.00651663 1.62611 9.02014
2.40378 0.27998 8.00837
2.11676 -2.15279 9.86753
0.794316 0.905412 8.456
0.642892 -3.72078 8.85324
-0.864456 0.427845 8.19023
3.5643 -2.22507 10.1643
-2.70959 -2.07838 9.92842
3.77865 -1.10658 10.7085
2.33769 1.61173 8.93307
-0.167704 0.429632 8.1862
-3.08982 -2.04749 9.85168
4.37245 -1.11163 10.7801
2.91067 -2.15618 10.0296
0.156439 0.299758 8.22984
1.13638 0.28134 8.02563
-0.888699 0.443572 8.18541
0.979638 3.10207 10.0819
2.75943 3.08354 10.0421
-0.0716757 1.6612 9.11918
-0.622971 -4.56304 8.2367
1.79354 -2.09235 9.91645
1.39268 -4.62305 8.28657
2.61841 -4.5978 8.2268
0.0909706 -4.18321 8.57843
3.99605 -2.12633 10.0258
3.40021 -2.10931 10.0194
2.34605 0.265313 7.89218
1.82293 -2.0703 9.93012
1.86605 -3.98079 8.6917
2.19282 0.260391 8.001
1.01765 -3.82635 8.92431
-3.08647 -2.00699 9.94152
1.2668 0.43667 8.08402
2.24564 -2.08813 10.0256
1.98731 1.63777 8.96225
1.1433 -2.04906 9.89274
3.22597 -3.37081 9.02447
1.24267 0.256896 8.02513
0.384371 -1.04663 10.2178
0.97464 -3.72735 8.89315
-1.56887 0.925731 8.57393
-0.667246 0.475123 8.1906
1.58064 -3.77416 8.7896
2.62004 -3.73607 8.6636
0.550497 0.906404 8.49274
0.0706724 2.96822 10.0259
1.37752 -3.33625 9.00454
2.63016 2.92599 9.91098
1.32275 1.67509 9.03196
3.97834 -2.05783 10.0623
2.74956 -2.9707 9.23214
2.14852 -2.03409 10.0507
1.19877 -3.31082 8.95672
1.29425 1.68491 9.01893
3.55336 -2.01991 10.0524
1.65261 -0.863421 8.00576
4.32546 -2.04432 10.2038
2.03716 -3.75564 8.69057
-0.466842 1.73441 9.20183
1.91483 -4.55906 8.31524
1.18698 0.231986 7.98929
-2.47595 1.7492 9.21859
2.67857 2.87922 9.92061
-1.47177 0.534845 8.2975
1.28385 0.219249 7.97407
2.06146 -4.55494 8.30802
0.799314 -3.69678 8.85944
2.60746 0.204883 7.95035
-0.105608 0.535521 8.30029
0.775454 -1.92375 9.94966
1.1451 -3.59686 8.97131
5.00631 0.309543 11.6911
-0.143572 0.54104 8.22087
-3.72583 -1.87097 10.0175
3.5639 -1.98499 10.1581
1.56665 -4.1879 8.47963
0.869612 -3.68777 8.86747
-0.284413 1.7425 9.13214
2.58068 2.80317 9.89523
0.0650877 0.554007 8.3009
0.729496 -3.31454 9.01869
1.17379 2.74769 9.79106
3.56226 -1.94148 10.1429
1.56018 -0.0969359 7.77538
-0.228549 0.570073 8.27748
2.65046 0.183851 7.97564
1.51256 -0.914486 8.17875
-2.50177 -1.813 9.86971
-0.226496 1.75868 9.13896
4.46249 -1.2234 10.7469
-3.49563 -1.13771 10.615
-1.63158 -1.84494 10.0093
1.23715 0.188665 7.99652
1.5526 -3.0143 9.18822
0.130287 0.888186 8.53066
1.18904 1.77242 9.19218
2.39124 -4.42951 8.1925
-1.56963 -1.81679 9.97711
1.38727 0.184766 7.933
4.40379 -1.25748 10.7891
0.935833 0.572092 8.25214
3.57359 -1.9228 10.2211
1.4032 -0.101998 7.79135
4.48605 -1.23856 10.6839
-1.80415 1.81323 9.26979
-2.0158 -3.03417 9.28268
0.905922 2.65417 9.72369
1.94359 2.67324 9.80245
0.970776 0.582701 8.2461
0.954735 2.67699 9.85147
1.23584 -0.0943916 7.88393
-0.504914 0.597693 8.28642
-3.76267 0.306868 11.8315
2.35062 -4.46368 8.30368
1.57598 -3.83938 8.7604
3.76601 -3.87501 8.75347
-3.62226 0.30031 11.4793
0.194084 -4.23633 8.58025
1.22886 0.146602 7.95312
1.42675 -3.82809 8.72053
2.33989 -4.21252 8.44014
-1.73258 1.83394 9.25372
2.2934 0.14136 7.91504
1.28186 1.80828 9.19894
1.19405 1.78711 9.05462
-2.94448 -3.02763 9.24857
1.24831 -3.28711 8.98867
1.87444 2.56204 9.70884
2.60009 2.55594 9.68275
-0.139096 1.84301 9.23751
2.51065 0.137479 7.94085
0.964847 0.623041 8.29704
-1.56588 0.655649 8.38255
1.353 -3.85868 8.75284
2.40758 0.125748 7.95325
-1.9737 -3.03154 9.14302
-1.62557 -4.08767 8.33038
0.907145 0.639926 8.33552
0.621979 -1.77531 10.0417
2.10889 -0.0687168 7.78669
1.56185 2.52777 9.71516
-3.39663 -1.73512 10.1436
1.62295 2.46709 9.57662
-2.85582 -1.73632 10.1829
2.34779 0.114782 7.87195
2.9436 -1.77869 10.2063
2.10876 1.86058 9.1759
3.87418 -1.30764 10.5459
1.5382 -4.43697 8.38393
0.0659191 0.660653 8.32792
3.14447 2.4517 9.73295
0.845443 -3.84338 8.72566
-1.42222 0.678266 8.38797
2.08152 1.88049 9.1801
1.47097 2.40411 9.62157
2.81663 -1.7515 10.1799
1.82519 -3.28432 9.02882
-0.437717 1.94503 9.35246
0.614949 -1.71138 10.1744
1.31698 -3.27525 9.03712
2.85476 2.35842 9.53291
1.41045 0.0985578 7.82344
2.21556 2.34156 9.52123
2.35422 -4.24836 8.42774
0.202698 -1.66639 10.1224
0.035826 0.833062 8.48049
-1.08517 0.699486 8.39968
0.189247 -1.68632 10.3222
-2.26609 -1.65177 10.3498
1.27091 -1.17071 9.3502
1.98826 -0.0468808 7.82134
-3.92236 -1.60736 10.2452
3.55864 -1.34582 10.5009
-2.18248 -1.62935 10.288
0.740006 0.70122 8.33573
-0.369767 -3.65352 8.91311
3.48203 -3.24608 9.24976
1.71585 2.26032 9.48588
1.52012 -3.86979 8.72629
0.464159 0.724227 8.40673
0.554403 0.827173 8.45199
-2.48893 2.00901 9.42158
3.16477 -1.62536 10.4032
-0.852544 -1.54326 10.2075
1.75811 2.23212 9.54659
1.89345 2.20323 9.40691
2.27416 0.0594322 7.89382
2.26656 2.17344 9.34319
0.690221 0.725433 8.39056
0.408927 0.741505 8.469
1.53906 1.96241 9.23556
2.30367 0.0560395 7.80565
1.62134 -3.92297 8.80514
-0.389427 1.9802 9.29527
-0.363656 -1.50053 10.2657
5.79233 2.8165 13.1018
-1.95863 2.23267 9.59315
2.27571 2.12578 9.27908
2.18004 -0.0256818 7.7919
-0.456651 -4.2543 8.49158
2.12686 0.0481951 7.8319
-1.88369 0.837374 8.48659
0.469383 -1.47829 10.2419
1.45131 0.041551 7.81865
1.86522 -3.2008 9.13484
-0.200784 -1.45882 10.2988
3.78022 -1.5097 10.4728
-0.607367 0.783265 8.42699
-0.203366 0.794558 8.42626
-0.335726 0.79671 8.43667
-1.42764 -1.38067 10.2904
1.92739 2.10561 9.47401
-1.15352 0.802581 8.48633
4.07652 -1.42682 10.5766
-2.31588 -1.39443 10.4396
2.89231 -3.63502 8.87708
3.89567 -1.45006 10.5437
1.50193 -3.91417 8.73135
0.909191 -3.24136 9.06001
1.73425 -4.2723 8.40541
0.50534 0.798984 8.44204
-0.25297 -1.37348 10.3087
2.28717 -3.25533 9.10459
1.83349 -0.0112949 7.81431
-2.26958 -1.34893 10.3768
2.41978 -1.92191 10.2273
-0.117599 1.27214 8.85015
-0.865339 2.75979 9.89355
3.48309 -3.29086 9.20144
-1.75362 0.807279 8.4476
1.28958 -4.70228 8.26694
2.73351 -3.00699 9.35408
1.75134 -3.81279 8.78434
-0.76041 -2.70432 9.49657
1.37297 -3.34461 8.89343
0.949669 -4.76053 8.26626
-2.41464 3.97301 10.9848
1.32819 -4.16396 8.57274
0.121182 2.69721 9.81101
1.44948 -4.71389 8.21716
1.36465 0.336894 7.98509
1.46483 -2.22019 9.72784
3.27169 -1.77353 10.2696
-2.5116 -2.5956 9.48681
-3.28191 -1.92316 10.2416
0.439747 0.653639 8.27258
-1.70462 -1.91484 10.0494
-1.98799 1.1843 8.75698
-3.07137 -1.80296 10.1962
-0.590284 0.477418 8.2718
3.24866 -2.99732 9.34814
3.98825 -3.13704 9.30589
-0.175207 0.902308 8.50929
-3.13537 -1.30622 10.3252
-0.78893 2.41209 9.59461
0.0621369 3.71508 10.5709
-1.13186 -4.78955 8.07717
-2.80015 -2.13078 9.81931
1.34899 3.38627 10.4143
1.48845 4.47311 11.0216
-0.879955 0.442254 8.1885
1.60288 4.54653 11.2444
-1.30948 0.36251 8.23425
-0.542053 0.323124 8.1801
2.63159 0.271866 8.05678
-0.0917168 0.543566 8.28294
0.0687921 0.556013 8.29353
0.989711 0.556491 8.18922
1.18959 0.228113 8.02034
1.02175 4.25159 10.9002
3.22652 -3.36745 8.9987
-0.934224 -3.30394 8.96319
0.915447 0.63626 8.28347
3.47661 -3.23604 9.24371
1.23222 0.143884 7.95003
1.2995 0.12319 7.98078
1.8078 -2.08963 9.94594
0.748317 0.698808 8.34195
0.464577 0.725467 8.43211
-2.19016 -3.40495 8.89789
0.699182 0.734885 8.45209
2.38583 0.101416 7.87584
1.33025 -4.77459 8.15564
-1.86687 -4.71609 8.16523
-0.671088 -3.11723 9.16911
-1.89375 0.841298 8.52656
3.89881 -2.33241 9.99205
2.44783 0.043123 7.94448
1.46623 0.0416873 7.88122
2.13161 -0.0158345 7.78188
-0.671947 -3.06258 9.15713
1.98269 -0.0500685 7.82411
-1.99346 -3.06595 9.23593
0.184228 0.898825 8.50316
2.10003 -0.0714088 7.72381
1.34238 -0.099048 7.86417
1.79098 -0.11228 7.69478
0.080412 0.988704 8.56557
1.38181 -3.65752 8.91826
-2.04409 1.05216 8.68943
-0.00443489 1.02683 8.59292
1.30207 -0.141449 7.84889
0.158714 1.0764 8.64624
3.55423 -2.01261 10.0125
-1.64858 3.6824 10.5125
0.644647 -3.72183 8.87388
-2.26693 1.2038 8.7943
0.332868 1.17124 8.66577
1.84132 -0.28653 7.67451
3.90586 -2.36787 9.83827
1.58062 -3.77115 8.78277
1.82742 -0.318221 7.70629
1.53278 -3.80319 8.74195
3.55034 -1.98681 10.1448
0.448156 1.47559 8.94447
0.435498 -2.87183 9.34458
-3.70711 -1.86214 9.97241
0.4257 -2.82691 9.38621
6.05793 5.02266 14.741
2.03625 1.73985 8.95894
1.29195 1.81113 9.20414
1.73766 -0.802164 7.99705
4.41932 -1.10292 10.7852
4.3812 -1.11458 10.7849
3.30947 -2.43094 9.84361
4.54602 4.9614 14.7371
1.74496 -0.848016 8.02735
-3.27237 -1.10319 10.5795
-0.626715 -4.55318 8.20814
-0.0177495 -2.72148 9.37733
-2.51977 -1.83702 9.96144
-3.20662 -1.19607 10.51
2.98669 -4.048 8.48684
1.76355 2.23269 9.56094
2.34169 2.21841 9.41921
1.725 2.2726 9.54225
1.45962 2.29621 9.44128
1.53606 2.38619 9.61387
-1.17537 -2.64766 9.53381
1.45824 2.38227 9.52137
-0.240435 -1.36899 10.3062
-2.7151 -2.35314 9.64621
3.10203 2.51823 9.6693
1.55865 2.52714 9.69046
1.03145 2.61188 9.79708
-0.458974 -1.50122 10.2401
-0.348051 -1.49852 10.2251
0.95387 2.66189 9.79379
2.04326 -4.50159 8.20647
1.21867 3.3288 10.2923
2.34191 -4.21962 8.44256
2.35208 -4.23389 8.40747
2.9852 -4.48821 8.20166
4.16028 -1.69344 10.2389
0.0557533 3.00048 10.1482
-0.184456 2.94869 9.98448
-2.28109 -1.67043 10.4186
0.204412 -1.65764 10.1391
0.118696 3.07084 10.1394
2.92935 -1.75504 10.287
-1.39467 3.29233 10.3715
2.8356 -1.76072 10.233
2.34041 -4.4646 8.29504
-2.84667 -2.20349 9.76309
1.25099 -4.75345 8.19458
1.57507 -3.92116 8.73806
-2.49014 -2.4068 9.67672
0.622608 -1.77758 10.069
3.04945 -4.46015 8.3048
0.0367287 0.836213 8.49536
1.70735 0.82359 8.47114
1.21065 -2.42165 9.59585
0.274873 0.959492 8.53602
-2.79456 -1.6732 10.0743
0.953612 -2.05823 9.98007
1.15176 -2.05912 9.9311
3.3842 -2.34681 9.90163
2.28666 2.20225 9.46902
-1.28219 3.11957 10.2683
0.553585 0.818903 8.44763
0.435426 -1.87515 9.90175
-0.160017 1.03241 8.63359
-0.239507 1.04675 8.65287
-3.41098 -1.76304 10.189
3.4315 -2.12281 10.118
1.91197 -2.04516 9.9912
0.877486 -3.7386 8.97864
1.25458 -4.77398 8.15529
1.7009 -3.15399 9.13362
2.03302 1.50836 8.89453
1.20138 -2.4725 9.56915
1.56796 -3.04886 9.30788
1.49471 -3.02864 9.23118
4.31104 -2.02401 10.1374
1.62543 2.46743 9.59466
-0.622591 -4.26499 8.46532
1.5508 3.95722 10.7028
-0.150941 2.93458 10.0467
1.29063 -3.70361 8.778
-2.88877 -2.45101 9.58257
0.891527 -2.30825 9.75637
0.971483 -3.70312 8.85871
4.57043 -0.369998 11.293
2.35881 -2.34547 9.82019
1.72459 2.86134 9.90229
-0.375261 -1.62518 10.5248
1.73237 -4.27074 8.40562
3.58419 -3.56654 8.95452
1.46166 0.112271 7.92068
1.83144 3.92162 10.4988
-0.838218 -3.68898 8.76002
-0.689245 -3.14946 9.12279
-0.441718 -4.19622 8.38269
0.934723 -3.74861 8.82428
-0.999591 -2.03249 9.87224
-1.11925 -1.91539 9.89114
3.15238 -1.62043 10.3566
-1.05193 -4.19738 8.52991
2.78616 -3.01415 9.33228
0.632217 -3.60386 8.89539
-1.07765 -4.16221 8.39283
0.145923 -4.23141 8.51582
-3.81079 0.258774 11.818
0.234217 1.29283 8.83166
2.64305 -3.76776 8.72815
0.845593 2.94515 10.0771
-1.42417 0.681733 8.38022
0.439924 0.658141 8.35182
-1.65449 -4.14425 8.44182
-1.55968 0.656538 8.32888
-0.894214 2.74467 9.98037
-2.31023 1.35374 8.92212
0.198573 -4.22372 8.55897
-0.419576 -4.19773 8.52583
4.08503 -0.498465 11.1942
-3.76544 0.302244 11.8043
0.528365 -3.36882 8.91582
-2.10371 -4.14447 8.4806
1.07048 -2.34072 9.72454
-1.86727 -3.34225 8.93315
1.32145 3.61628 10.3377
0.995819 0.614053 8.24965
0.817221 -2.71264 9.48241
5.00718 0.305341 11.6955
1.37092 -3.34453 8.8841
3.8732 -1.57374 10.4865
3.0999 -1.54205 10.3483
3.51473 -2.41119 9.86199
0.816774 3.35934 10.3028
0.476935 -1.49157 10.3253
-0.20147 -1.44325 10.1836
3.82121 -2.26835 9.88328
-3.08238 -2.04572 9.83386
1.86213 -3.19874 9.12127
0.527157 -1.90681 9.92656
1.6899 2.52158 9.66036
0.4564 3.11483 10.0647
0.677757 -2.11398 9.89057
-1.56783 -4.56692 8.17
-2.92096 -2.28145 9.58239
2.15207 2.52054 9.74666
-0.972959 0.555289 8.37523
-0.219066 1.54782 9.04115
-1.16624 -3.77776 8.62375
-2.33556 -1.40693 10.5156
-3.14917 -1.36939 10.2843
0.682297 -2.81441 9.28435
-1.43393 -1.38204 10.3411
-0.00898832 1.57189 9.00829
1.20892 -3.32753 9.00148
3.90744 -1.45439 10.5809
0.133529 1.58986 8.99363
-0.733151 -2.6185 9.51043
1.1402 0.283619 7.99138
2.80254 -4.12302 8.41401
4.25693 -1.97424 10.1397
-0.953281 0.501569 8.1716
0.725721 -3.29246 8.98045
-1.47345 -1.36643 10.4132
0.348404 0.709043 8.31953
-2.28037 -1.35798 10.4445
-3.15561 -2.10648 9.92582
1.23859 -4.17903 8.5994
-0.562751 -2.76898 9.31686
-2.38399 -0.860119 10.5593
2.28385 -3.24585 9.08652
-0.212758 1.70936 9.10806
-0.480862 -2.62868 9.44639
0.911087 -3.2396 9.05501
-0.399036 -4.08962 8.55905
4.26213 -1.02431 10.9158
4.35303 -1.01045 10.8479
-3.77762 -0.937692 10.8135
-3.66517 -0.962614 10.8289
-2.47405 -0.962186 10.7127
1.63764 -2.2233 9.80829
1.25851 -3.31221 9.04666
-1.11292 0.438793 8.06623
-0.224419 1.75712 9.1295
-0.617001 -1.25802 10.0732
3.81312 -1.08363 10.8605
-0.430225 -2.65457 9.45887
3.38791 -2.18312 9.99903
1.30227 1.74312 9.0494
-1.80746 1.81928 9.28651
3.14883 -2.73301 9.54047
0.490996 -1.87397 10.026
1.22808 -3.30325 9.06459
1.24161 -1.13199 9.12546
4.97442 4.97176 14.6646
-1.25002 -3.92522 8.67125
-2.61997 1.84708 9.34264
5.87686 4.76085 14.3802
1.91913 2.24144 9.5879
1.35249 -4.71372 8.3745
-3.89482 0.656605 12.1649
-0.654981 -4.58371 8.21057
1.85096 -3.95394 8.62161
-3.55175 -1.0296 10.7646
3.77794 -1.10591 10.719
-0.669753 0.404124 8.14725
1.80227 -3.28325 9.04054
0.691884 -1.05452 10.2977
1.31638 -3.25741 8.99986
-1.37053 0.403306 8.27748
-2.81396 -2.31985 9.67307
3.50178 -2.177 9.95409
-0.158261 -3.91758 8.5302
1.00549 -2.74403 9.50223
4.32097 -1.27667 10.5535
1.57692 2.1105 9.44705
1.90401 2.08978 9.37284
0.780828 -2.74244 9.41519
2.40681 -3.97333 8.54226
3.11068 -2.79253 9.55243
4.48766 -1.23934 10.6724
1.53961 1.97102 9.26133
1.36829 1.93554 9.12099
1.50923 -0.942445 8.33873
6.32049 5.07255 15.144
-3.40967 -0.856446 10.7736
1.80401 -4.01187 8.57679
0.367722 3.77356 10.6063
1.23902 -0.0973799 7.94155
-1.57437 0.930492 8.57129
1.74774 -2.01996 9.96261
-3.47125 -1.70615 10.2248
0.664992 0.918221 8.49998
-0.283773 -4.72743 8.13434
1.61513 -3.88938 8.73026
-0.195799 0.991179 8.63807
-0.478766 0.380038 8.15392
0.689176 0.97289 8.5819
2.41536 -4.46615 8.26654
2.58827 -4.07219 8.58109
0.611948 -1.69252 10.0983
-0.448364 1.04432 8.69586
2.22265 -2.06345 9.89992
-1.88665 -2.66256 9.46342
1.56052 -4.66072 8.09059
1.72183 -1.94848 9.67691
-0.206323 0.793745 8.4316
2.19596 0.752492 8.24875
0.894149 -2.61335 9.41446
-0.425903 -4.04736 8.52107
-0.520501 -4.16089 8.54016
-2.60914 -2.89834 9.16507
1.96765 -3.58334 8.95188
-0.269614 -2.66473 9.55385
-0.0966631 -1.32748 10.3854
1.59706 -2.2965 9.94829
-1.70498 2.38257 9.6299
4.58843 -1.40452 10.5739
0.862373 0.60653 8.32864
0.450176 -4.81181 8.19761
-1.06772 0.698393 8.33355
6.44502 5.31524 15.3125
2.04116 -3.76155 8.70046
1.92981 2.65801 9.73056
1.75792 -3.82065 8.80632
-2.79494 -2.53769 9.59125
2.74106 -2.2114 9.98721
1.3904 0.185339 7.9812
2.79755 -2.2624 9.88265
1.363 -3.8349 8.73227
-1.58366 -1.82716 10.0443
1.15309 -4.20277 8.56589
-1.28328 5.9518 11.8309
2.56894 -2.87752 9.27633
2.02356 1.46211 8.80025
-0.0880283 3.36032 10.3042
3.47441 -3.27062 9.1579
1.88643 -3.87176 8.58128
-1.11721 1.58584 9.03286
-2.86019 -0.734078 10.979
-4.20792 0.817742 12.0268
0.0944923 -4.14184 8.5156
0.315625 -2.60421 9.46898
1.04171 0.520965 8.16878
0.743946 -1.77982 10.1517
3.09425 -3.89049 8.62501
1.51025 1.4739 8.96179
-2.65882 -2.85906 9.2811
-2.29115 2.49252 9.79892
2.16379 2.05974 9.25254
0.51736 -2.60663 9.53069
2.56184 6.28203 12.3197
-2.62897 -2.5504 9.61282
-3.2281 -1.89003 10.0512
2.88401 -3.62193 8.84549
3.26874 -3.0188 9.39588
-1.62218 -4.02173 8.62799
-2.99966 -2.19315 9.79338
1.79704 -3.23182 9.07968
0.387058 -1.03496 10.1418
2.3496 -2.79468 9.48047
0.373475 3.231 10.1894
4.5608 1.48795 12.4708
-1.69107 -3.35983 8.84078
-1.76181 0.811129 8.4849
1.23638 0.435922 7.90098
1.5479 -0.170232 7.77754
2.21039 2.3379 9.49048
1.4356 -3.92986 8.67603
1.73812 2.78154 9.8013
-0.491667 -4.2002 8.38736
-2.99378 -2.4506 9.54076
2.11951 -3.69005 8.7735
-1.10946 1.13306 8.75674
-2.0625 -4.22673 8.35843
-0.611294 -2.74323 9.37914
-1.57055 -4.60058 8.10217
2.58485 -2.51466 9.59481
1.49624 -3.83164 8.71035
-0.921307 -3.23623 9.10513
3.32937 -2.42359 9.87123
1.79653 -2.07919 9.88688
0.768687 -1.98636 9.91702
0.202476 -1.66419 10.1865
-2.17962 -1.59909 10.2345
1.69405 -0.86712 8.05583
2.04981 -0.252747 7.62033
1.33843 -0.0932615 7.85209
2.08503 -0.0626063 7.67432
1.46158 0.0462143 7.87693
2.22037 0.0716596 7.84925
-0.539483 0.339113 8.11709
1.02664 4.30011 11.0248
-0.887752 0.451989 8.22504
-2.00354 1.07957 8.63238
-1.24372 1.20637 8.77732
0.0996391 3.0933 10.2027
-1.74099 3.64085 10.5762
-1.77736 -4.66181 8.04554
-0.29734 -4.70136 8.15166
-0.446482 -1.4148 10.1286
-0.0715377 -4.68381 8.14087
-1.14837 -1.85396 10.014
-2.70346 -2.50686 9.82751
-0.662686 -4.59795 8.24936
-2.74025 4.15382 11.3946
-0.619996 -4.55116 8.22715
1.36921 -4.5438 8.17664
1.48205 2.24876 9.31958
-1.66381 2.4854 9.91954
-0.359892 -4.47925 8.24856
2.99349 -4.48623 8.23897
0.371614 3.76797 10.5744
1.62272 -4.53174 8.3939
2.4035 -4.46069 8.27076
2.33714 -4.46505 8.31301
3.04256 -4.46197 8.3201
-0.924166 -1.58534 10.188
-0.607869 -4.22348 8.38655
1.72761 -4.27878 8.4495
0.138764 -4.20649 8.4792
2.34147 -4.22612 8.46562
-2.83661 -2.04785 9.81976
-1.0252 -4.11855 8.38921
-1.64672 -4.11378 8.39054
6.29253 5.34392 15.2769
-2.1067 -4.13427 8.48452
-1.66374 2.45719 9.64931
1.13464 -4.11638 8.43136
-1.06725 -4.05676 8.40018
2.79809 -4.11037 8.41076
1.22543 -4.12856 8.53156
3.0294 -4.0045 8.54251
2.4496 -4.03509 8.62215
1.03749 0.523461 8.21788
5.60357 5.16523 15.4467
-0.180531 -3.93992 8.59792
1.36285 3.4025 10.3137
2.44947 -3.94991 8.55894
-1.25981 -3.93943 8.70793
-0.0198301 0.534514 8.26062
6.03576 4.89148 14.8096
1.79209 -3.96708 8.78485
3.08064 -3.859 8.58686
-1.18062 -3.77777 8.64892
1.42037 -3.83068 8.7505
1.53444 -3.82173 8.79006
1.58608 -3.75948 8.78756
1.30883 -3.78614 9.0042
-1.3229 -3.608 8.89789
-0.931908 -3.51884 8.94642
2.57854 -3.52003 8.83017
1.91655 -3.4601 8.8552
3.7563 -3.46591 9.05749
-3.24141 -1.36377 10.3586
0.522212 -3.36771 8.9325
-1.91872 3.32564 10.5724
1.38674 -3.38384 8.98836
3.79646 -3.42258 9.14511
3.39015 -3.43737 9.20785
3.33232 -3.36167 9.159
1.68658 -4.46106 8.32335
1.31812 -3.26449 9.02396
-1.37398 6.07203 11.8374
-2.68616 -2.17714 9.76626
-1.33961 0.337894 8.22816
0.90619 -3.2265 9.05153
0.748953 -3.19194 9.07133
1.85298 -3.1783 9.07906
1.67845 -3.07726 8.957
1.54926 -2.99335 9.1876
-2.62311 -2.89374 9.19743
-0.213607 2.97021 10.0853
2.77172 -3.01079 9.34235
-2.9912 -2.93253 9.39507
-2.10334 1.05202 8.6754
0.367302 -2.85543 9.27074
1.6573 -3.10803 9.15807
0.426134 -2.83222 9.25967
2.80934 -1.56784 10.3642
0.681929 -2.80469 9.29942
-0.580482 -2.77486 9.38574
-1.76355 -2.72902 9.29398
0.435856 0.66923 8.34674
1.29887 -0.205508 7.97717
3.10061 -2.7865 9.52391
1.01248 -2.72476 9.41776
-0.770967 -2.7381 9.60855
-1.86524 -2.6557 9.40626
-1.31206 -3.23311 9.01402
0.86537 -2.6927 9.52435
-0.722398 -2.67324 9.5361
-0.285679 -2.64785 9.51811
-1.24653 -2.67834 9.63012
0.485192 -3.35182 9.12953
-0.480592 -2.61175 9.42684
-0.306141 2.67838 9.81079
0.94903 2.68082 9.85145
1.43918 -2.52605 9.60467
-2.89901 -2.4286 9.56359
-2.78492 -2.4189 9.68585
-2.47939 -2.39379 9.66593
-2.79623 -2.33515 9.49541
3.81404 -2.44028 9.81606
3.47979 -2.43335 9.81632
-2.82717 -2.32215 9.71116
1.69252 2.52346 9.67054
1.56016 2.45834 9.51347
1.05654 -2.33791 9.71982
2.35438 -2.34202 9.84837
3.362 -2.32675 9.86255
1.45147 2.41274 9.54595
1.71217 2.41842 9.57281
-0.941228 -2.24813 9.80868
-3.24147 -2.21226 9.80274
1.57818 -2.27738 9.86601
-3.02883 -2.19405 9.87409
1.25885 -3.67097 9.0297
-0.892491 -2.13162 9.72496
1.45143 2.31666 9.48682
1.72044 2.30519 9.53917
3.46422 -2.17109 9.93089
-3.11126 -2.06948 9.98021
2.31323 2.19319 9.31901
2.10496 2.18411 9.36024
-1.95369 2.21106 9.56692
3.41484 -2.11443 10.0943
1.12794 -2.04701 9.89648
-2.45944 -1.73489 10.0456
4.00694 -2.06908 10.1051
2.14582 -2.00673 10.031
1.57196 2.12336 9.50028
1.90077 2.08465 9.36975
-1.14849 -1.92822 9.95628
1.21684 1.85692 9.1294
3.53904 -1.97141 10.092
-3.49689 -1.71791 10.2806
0.523408 -1.89808 9.92169
4.24549 -1.97187 10.1512
4.2111 -1.82619 10.4177
1.89333 -1.91848 10.0279
0.478102 -1.86422 9.97847
1.37462 1.98319 9.34355
1.52719 1.96671 9.28607
-2.3565 -1.84573 10.0349
2.60959 -1.86329 10.1387
0.63762 -1.84159 10.0663
-0.634013 -1.83881 10.1259
-1.78791 1.82804 9.25178
-2.49712 1.82375 9.31848
3.59172 -2.02376 10.1566
-0.259903 1.7705 9.14666
1.18178 1.75951 9.08965
1.89176 -2.0231 9.90796
1.29654 1.75232 9.07758
3.15736 -1.62294 10.4117
-0.920404 -1.98417 9.80317
3.79527 -1.62204 10.5011
-0.852254 -1.51969 10.1206
-0.339967 -1.48874 10.1704
2.30121 2.16179 9.44555
3.82807 -1.54843 10.4078
3.6655 -1.52244 10.2169
3.1007 -1.53366 10.3714
0.467726 -1.48346 10.2533
1.48938 1.657 8.9828
-0.867215 -2.11124 9.9154
-0.0790677 1.64247 9.05826
3.95669 -1.47368 10.7346
-0.252892 -1.36866 10.2666
-0.0392646 1.60087 9.07759
0.138748 1.58619 8.9982
3.53563 -1.3252 10.4601
1.24532 -1.14157 9.27354
-0.2221 1.72413 9.20229
-3.22131 -1.17936 10.4634
1.5975 -0.960926 8.21753
-3.32184 -1.16664 10.5649
4.39754 -1.26483 10.7796
-3.47901 -1.14156 10.5538
1.14827 -1.03891 9.27695
4.46038 -1.18625 10.7134
0.458911 -2.20035 9.69518
0.38069 -1.05226 10.2784
4.43324 -1.13357 10.919
-3.34074 -0.978216 10.5184
1.70317 -0.789824 8.01753
0.970386 1.39665 8.79791
-3.64797 -0.941016 10.7986
-3.73535 -0.911579 10.7211
4.32216 -0.993619 10.8556
-2.37087 -0.902951 10.6495
4.36252 -0.831734 10.9184
2.14003 2.49456 9.64713
4.31508 -0.770547 10.9563
1.80216 -0.496246 7.66807
1.69928 -0.456756 7.58501
1.44603 -0.44431 7.91989
-2.34174 1.36494 8.99038
-3.22954 -1.30661 10.6044
1.62669 -0.397611 7.67824
3.70838 -1.37396 10.6843
0.16749 1.27258 8.68562
1.81841 -0.350616 7.68746
1.93797 -0.285183 7.6252
-2.55299 -2.39497 9.43197
-0.630725 1.19463 8.73339
1.50305 -0.125048 7.82134
1.40307 -0.102614 7.83875
-1.17535 4.75187 11.4606
-2.79055 -2.5237 9.56489
1.45587 -2.61889 9.66696
2.16769 -0.0144446 7.78564
-3.65821 0.0678381 11.4821
2.00737 1.46529 8.77492
-0.232398 2.69527 9.78387
1.48284 4.52957 11.1692
1.46044 0.129277 7.96225
1.29119 0.12909 7.9339
-3.69264 0.31542 11.5839
1.24103 0.197982 8.06729
1.27938 0.218334 7.95775
-0.226906 1.04748 8.60515
2.60244 0.271372 7.96866
-0.180403 1.04163 8.71774
-0.0139108 1.02604 8.59216
3.14284 -2.71218 9.5477
1.05109 4.11161 10.7669
-0.195507 0.990777 8.56073
-0.445324 0.977069 8.62582
-1.36589 0.407647 8.24701
0.260506 0.973762 8.58456
-0.673381 0.410288 8.12976
-3.7566 -0.980902 10.7588
-1.58349 0.937213 8.58792
-0.0924387 0.54168 8.15608
-0.969236 0.557385 8.31826
-2.45004 -0.887535 10.7367
0.986929 0.554643 8.24481
0.0667016 0.572195 8.29887
4.37827 -0.85433 10.8332
-3.97597 0.938914 12.4357
4.43662 -0.754484 11.1309
0.910836 0.651125 8.3583
-1.42648 0.677926 8.36915
-1.07038 0.708093 8.36165
0.545418 0.829523 8.47978
0.743644 0.711952 8.3888
0.351004 0.714015 8.39302
0.688854 0.728968 8.38391
0.458227 0.728938 8.37916
0.41354 0.761191 8.46969
2.80272 2.91295 9.95803
1.26091 -4.84895 8.2864
-2.60643 4.15459 11.2044
1.81473 -0.272241 7.66357
-0.687046 -3.15219 9.1125
1.79526 -3.21737 9.07684
1.89581 3.91953 10.7507
2.15499 -3.41797 9.00061
2.2829 -3.42449 8.95095
2.25823 -0.0684368 7.72482
1.39398 -0.0209586 7.79338
0.993299 0.61344 8.28267
2.59778 -3.71379 8.72169
2.96113 -4.3592 8.23336
2.64654 -3.78732 8.76252
2.58756 0.152826 7.97293
-1.15347 -3.68452 8.58709
1.49485 -3.92399 8.74947
-1.97745 0.925284 8.66445
-0.143675 0.538421 8.14653
1.85294 -3.96375 8.64452
1.64495 -4.23205 8.32168
-0.443876 1.02725 8.58531
-2.2092 -3.91729 8.5521
2.78961 -4.02383 8.59662
-0.979895 0.522492 8.29084
1.06037 -4.14728 8.6473
-1.93208 3.72484 10.6726
-0.470083 -4.15637 8.47271
-1.6053 -4.11312 8.43415
1.517 0.917683 8.50588
4.09009 -1.66414 10.5964
0.673932 -3.38336 8.91574
0.37879 0.659077 8.2895
-0.669431 -4.58678 8.21415
1.02434 4.28055 10.9467
-2.55809 1.78219 9.34068
1.26651 -0.187524 7.90939
-0.629535 -4.54889 8.22281
0.0594824 -1.34448 10.309
1.64309 3.99725 10.6572
-2.31476 -1.63767 10.1733
1.36814 -4.54552 8.17566
-0.92265 -1.95911 9.75526
-2.74861 4.15186 11.3701
-2.45243 -2.35333 9.56464
-2.7635 -2.34397 9.71635
-2.8137 -2.27173 9.45576
3.29044 -2.38121 9.72421
-2.76334 -2.40502 9.60849
3.91702 -2.37946 9.9144
2.98373 -4.46304 8.20549
-2.78005 -2.08057 9.76934
-2.86675 -2.04562 9.84056
1.79234 -2.06071 9.83719
-1.76054 3.68228 10.699
-1.01975 -2.00477 9.89502
0.0499177 -2.59132 9.52094
0.77036 -1.97777 9.87031
-1.20187 -2.57542 9.34229
2.12559 -1.9986 9.98105
-1.14618 -1.92463 9.95974
6.02918 4.95085 14.5853
3.54405 -1.95825 9.99188
3.5677 -1.99367 10.1509
-0.718867 -2.63337 9.42887
1.35952 3.40356 10.2677
-0.0873539 -2.64569 9.44422
0.524119 -1.87221 9.87954
-0.0143205 -2.67821 9.47301
0.474679 -1.85995 9.92251
0.624073 -1.80441 9.93561
1.94856 -1.80158 9.95031
1.2156 3.33903 10.2814
3.0774 -2.77183 9.47512
-1.37562 3.25917 10.1912
-0.0137564 -2.73237 9.40757
2.93217 -1.73671 10.2355
0.556948 -1.66726 9.98093
4.14817 -1.67234 10.179
-1.90282 3.25626 10.4081
-0.860833 -1.52537 10.1954
2.8017 -1.56578 10.3207
-0.462953 -1.49818 10.3174
3.80628 -1.52691 10.3799
-0.461648 -1.43871 10.2723
3.78582 -1.50116 10.5205
3.53644 -2.97378 9.49086
-0.249412 -1.35945 10.2137
0.958407 -1.33049 10.3036
-3.18016 -1.29364 10.446
0.0853348 3.10341 10.2126
-3.33187 -1.22816 10.4951
0.703809 -1.16735 10.4937
-0.618313 -4.26279 8.46027
-3.21051 -1.10559 10.3542
-3.47143 -1.11964 10.5194
0.0568091 2.95885 9.99446
1.72987 -4.24098 8.38352
-3.52603 -1.02949 10.6943
-3.42347 -1.00203 10.7134
3.81692 -1.08378 10.8825
1.70024 -0.783736 7.99296
-2.37666 -0.900259 10.6336
-1.1078 -4.22398 8.49851
1.70191 -0.665929 7.80584
-1.97083 -2.99359 9.13864
1.69104 -0.462206 7.70616
-0.68372 -3.071 9.2
1.69696 -0.381494 7.63323
2.32126 -4.1633 8.3684
2.00198 -0.329461 7.62967
0.969873 2.70839 9.94147
3.44747 -3.18998 9.17938
-0.412802 -4.10276 8.41461
0.763137 -3.1516 9.00107
-1.11877 -4.16228 8.54962
1.29502 -0.12479 7.82498
1.6762 2.49814 9.53316
1.41347 -0.0901872 7.84027
1.3327 -0.0920815 7.82944
-0.913397 -3.17873 8.97719
1.77065 -0.0697157 7.68339
2.24664 -0.0358399 7.76074
1.13629 -4.09849 8.40491
2.17266 -0.0191812 7.78751
2.23185 0.0241058 7.83139
1.45648 0.0521154 7.82182
2.36381 0.114314 7.82486
1.44825 2.32285 9.4966
1.26348 0.15505 8.08796
2.05419 2.15227 9.11369
-0.952986 -3.31411 9.02422
1.72853 2.20853 9.55001
2.39586 0.28714 8.00366
-0.420238 -4.07252 8.53885
-0.544676 0.342773 8.15228
1.52073 2.06683 9.24667
1.58479 2.0718 9.38836
1.88424 -3.3794 8.94913
3.00985 -4.08216 8.54423
2.58496 0.393807 8.09514
-0.0985625 0.551143 8.27504
1.00639 0.564694 8.30473
0.0654887 0.573601 8.34017
-2.21107 -3.40696 8.97106
0.941254 0.58515 8.30069
3.41561 -4.03727 8.56114
1.23185 1.87366 9.21975
-2.62403 1.89296 9.42551
0.453243 0.740005 8.38791
1.28861 1.8147 9.18056
3.02074 -3.99695 8.54453
-1.79907 1.84099 9.3071
-0.934093 -3.50622 8.89776
1.37431 -3.62395 8.85918
1.19248 1.74655 9.05587
0.11791 0.997972 8.54808
-0.013846 1.02976 8.55763
-0.225782 1.0113 8.46586
0.145151 1.10141 8.63931
-1.92236 1.14967 8.73636
-1.23711 1.19836 8.78222
2.46586 -3.97488 8.60964
-2.42756 1.69128 9.19817
0.339776 1.17925 8.58637
1.42446 -3.84242 8.79124
1.50999 -3.82838 8.75079
-1.2684 0.25474 8.29754
4.22106 -0.912492 10.8656
-3.65246 3.87846 13.3627
1.50124 1.48478 8.93743
-1.61386 -4.11682 8.45424
-2.86214 -0.727699 10.9098
0.0360416 -3.91407 8.71306
0.960093 1.4136 8.81314
-3.74841 -0.910344 10.7235
-3.58402 -0.915742 10.6445
-1.26034 -1.92765 9.888
-0.941093 -1.58234 10.2236
0.392506 -3.84465 8.72696
-3.4552 -1.7564 10.0531
0.878371 1.30495 8.70263
6.04147 5.19623 15.1865
-3.34648 -0.983663 10.7278
1.33732 3.30797 10.2017
1.29633 -3.6849 8.80223
-0.0178401 0.534819 8.26361
0.120352 -3.93286 8.59612
-0.185519 -3.92599 8.55545
-1.59349 -4.61837 8.16375
3.49793 -3.13019 9.21241
-0.156545 1.11602 8.67827
2.64077 -3.74917 8.73394
-2.20176 -3.89975 8.52702
-1.5469 0.588683 8.31709
-1.49793 1.02834 8.64483
-0.446097 0.981616 8.65631
1.52364 0.926531 8.53396
0.137793 -4.19713 8.46806
1.27051 -0.00665475 7.92221
1.69332 -0.00974918 7.80227
0.123939 -3.96654 8.57682
1.43635 -0.431667 7.8635
3.75167 5.36268 14.0077
1.66673 -3.14249 9.26864
2.42737 -4.18518 8.50135
-1.90091 0.843165 8.53537
0.425139 -2.80149 9.38708
-1.74622 -1.80116 9.92916
0.367843 -3.09208 9.18912
-0.212635 -2.16894 9.91669
3.81236 -2.24197 9.84924
1.93323 -2.44282 9.68322
3.79974 -2.43016 9.79348
-1.39521 0.583782 8.2459
0.126902 1.92574 9.1195
-0.939386 -2.35953 9.89499
1.66705 -4.27197 8.3962
-0.166691 0.552576 8.32551
1.0556 -2.33057 9.77252
1.02868 0.529673 8.19737
-1.69435 -3.3685 8.90153
0.671214 -3.42168 9.01495
2.02652 -4.45438 8.14379
-2.64966 -2.44644 9.64679
1.77406 -3.38664 8.92872
3.80985 -1.29222 10.8778
0.530335 -3.3837 8.98421
-2.99474 -2.16609 9.7446
-0.895866 0.446985 8.20224
-3.14554 -2.13896 9.84824
-2.44636 -2.47092 9.642
1.442 -2.50998 9.58032
-0.133292 3.70991 10.6705
0.755799 -2.53283 9.50821
-3.04161 -2.02008 9.75875
-1.38304 0.420979 8.32602
-0.293472 2.81827 10.2879
1.95278 2.10237 9.50412
1.55492 2.15147 9.69157
2.05105 -2.10524 10.188
3.75763 -2.68067 9.63241
2.37984 -4.40417 8.18976
-1.95739 2.21859 9.57202
3.22269 -4.33638 8.42856
1.90023 2.23355 9.57529
1.53384 3.53471 10.5578
-1.25593 -1.88819 9.94596
1.88382 -1.91205 9.98726
1.19543 -3.31575 9.00288
-3.78958 0.303076 11.8461
-0.274548 -4.4024 8.31271
-1.24268 3.06933 10.0672
3.00705 -4.17388 8.59432
-1.64629 -4.08511 8.36605
-1.85693 -2.6602 9.44103
1.4544 0.130708 7.91299
-0.108561 3.35951 10.3532
1.65665 2.38946 9.70256
-2.51404 -1.77618 10.2481
-1.63187 2.45855 9.7934
4.15556 -1.80467 10.2566
0.586123 -3.32373 9.11326
1.2337 -3.27485 9.02066
0.207121 -1.65999 10.1687
3.16565 -2.88258 9.60447
3.19562 -3.31703 9.11902
-2.89827 -1.5392 10.4266
0.906687 -3.22144 9.05439
3.06683 -4.40611 8.36694
-0.93625 -1.49402 10.1593
-1.72025 -4.10897 8.4505
-3.36145 -1.44076 10.3282
1.82319 -3.15079 8.99813
3.90026 -1.44449 10.544
-1.24366 -3.87539 8.57005
-2.68752 -1.60945 9.91544
1.45289 -2.60205 9.64602
0.424235 3.09721 10.0275
-0.149793 1.4859 8.92036
-2.90122 -2.42113 9.57756
0.456497 -2.19911 9.68812
0.73661 0.713775 8.28802
-0.125081 0.635331 8.27492
-0.351933 -4.51061 8.25301
1.02025 4.26781 10.9298
1.07123 4.13175 10.751
3.86601 5.10619 13.4131
3.18474 -4.29265 8.33822
-0.608081 -4.24864 8.38555
1.8311 3.75442 10.2762
-1.07126 -4.11858 8.29529
-2.31299 -4.18986 8.52975
-1.09536 -4.16568 8.49242
-1.64857 -4.10095 8.38674
1.15728 -4.19939 8.57003
1.50365 3.43482 10.253
1.38043 3.41387 10.2994
2.77315 -4.06326 8.30266
-2.82982 3.89572 11.731
-0.430835 -4.11352 8.57987
3.02819 -4.08929 8.55008
3.00316 -3.97768 8.48241
2.76733 -3.95759 8.44784
0.119576 -3.9958 8.6332
2.44912 -3.97989 8.56372
-4.44052 4.31189 13.2787
-1.81047 3.28434 10.4273
1.50584 -3.95616 8.78753
-1.85403 3.20885 10.3949
-1.41525 3.11716 10.1048
-1.17041 -3.72062 8.65655
-0.480064 -3.64753 8.64999
1.36952 -3.61876 8.80262
-0.917496 -3.49293 8.84197
-1.71842 -3.44664 9.05708
1.77714 -3.39715 8.91187
0.677899 -3.41653 9.00278
0.523631 -3.42413 9.03706
1.86824 -3.35748 8.88384
1.05537 2.66595 9.96204
1.71873 2.55966 9.80736
0.587681 -3.33008 9.09523
1.46463 2.42165 9.52246
1.58144 2.42797 9.52931
1.23069 -3.2612 8.93762
3.18783 -3.33293 9.10714
-1.63181 2.47011 9.8395
-1.70569 2.39945 9.68338
3.36935 -3.3138 9.28914
0.777711 -3.18377 9.05665
2.10702 2.22109 9.42113
1.83341 -3.18035 9.05787
1.92939 2.03988 9.27492
3.08829 -3.22434 9.22033
3.48591 -3.12625 9.15593
0.218554 1.94322 9.15111
1.24479 1.89314 9.24607
1.28737 1.79649 9.02483
-2.93553 -2.88603 9.25032
1.21798 1.76253 9.13251
0.700099 -2.80541 9.35255
-0.222601 1.72159 9.15039
-2.46091 1.71746 9.31941
3.17822 -2.73964 9.30738
3.13477 -2.83288 9.58359
3.21951 -2.7394 9.49339
-0.0900626 -2.66814 9.49664
1.49423 1.45782 8.82804
0.0566819 -2.6091 9.49824
-0.353418 -2.60214 9.48044
0.790887 -2.63169 9.65574
-2.39889 -2.46457 9.5098
1.9324 -2.45912 9.70095
-1.24541 1.20786 8.79607
-2.72593 -2.3096 9.62624
-1.92165 1.13959 8.70183
3.3031 -2.40257 9.76053
0.320677 1.11743 8.6401
-0.158167 1.10213 8.67665
-2.69824 -2.32179 9.78173
-0.0228145 1.04348 8.69709
2.40532 -2.35004 9.86894
-0.212262 1.02831 8.73994
-1.50076 1.00908 8.69554
0.261084 0.971137 8.52914
-2.98593 -2.16488 9.76792
3.63157 -2.26218 9.92792
-0.883344 -2.11855 9.69192
1.61661 0.874531 8.42966
0.0482908 0.836358 8.41097
-2.81281 -2.11002 9.93043
0.69897 -2.08261 9.8358
1.7914 -2.07452 9.88015
0.345754 0.716249 8.60115
1.12487 -2.04479 9.89389
-0.454772 0.680975 8.37817
-1.01682 -2.01174 9.86651
-2.63026 -1.9685 9.76351
-3.02754 -1.98361 9.90689
1.00305 -2.05992 10.1126
0.574454 -1.98847 9.7958
0.492766 0.564174 8.31598
2.11052 -1.9411 10.0965
-0.160756 0.544261 8.22246
-0.0126923 0.540483 8.27302
1.02807 0.534919 8.30325
0.497722 -1.88888 9.92024
2.69158 -1.9495 10.2632
0.637826 -1.84227 10.0018
2.39231 0.28101 8.01601
1.19279 0.244516 7.96937
0.565365 -1.69636 10.0339
2.92302 -1.72457 10.2159
0.206877 -1.69606 10.271
-2.80384 -1.65626 10.2212
-3.68885 0.284643 11.5361
1.27531 0.147536 8.0025
1.34382 0.113734 7.87037
-2.18594 -1.59456 10.202
2.23961 0.0812114 7.84076
0.424894 -1.58804 10.1475
1.46943 0.0496791 7.88157
-0.946434 -1.58115 10.2279
-0.848663 -1.54546 10.1722
2.25494 -0.0353193 7.7765
1.7807 -0.0752288 7.73031
1.5364 -0.12816 7.83914
1.24732 -0.194396 7.76144
-0.944812 -1.54043 10.3511
3.12584 -1.56405 10.4226
1.76994 -0.309841 7.68685
2.0418 -0.338768 7.75543
-1.30753 -0.387255 9.20092
-0.464483 -1.49271 10.2167
1.89426 -0.407462 7.63742
1.47213 -0.528938 7.87767
-0.261171 -1.3837 10.3382
0.962692 -1.33272 10.2936
-2.38112 -0.9142 10.5996
-3.23767 -1.25861 10.3331
3.74799 -1.0578 10.6897
-3.39509 -0.994344 10.6569
-3.51061 -1.02315 10.6153
-3.29207 -1.16291 10.6108
1.52091 -0.865551 8.06251
2.97338 -2.78083 9.54321
2.62666 -3.74712 8.67711
-0.298078 -2.12925 9.84337
2.48662 -2.00076 10.0849
1.91397 -2.84419 9.31656
1.43652 -0.433532 7.87352
1.14962 -2.6264 9.4836
-0.280557 3.86328 10.8165
1.71874 -2.97219 9.20777
-3.61957 0.0431269 11.4154
1.98802 -0.00972528 7.77914
1.53286 -3.96414 8.6871
2.89952 -3.48409 9.10655
0.116443 1.98388 9.35472
1.91774 -3.12698 9.0793
0.934857 -3.34418 9.03896
0.467874 -2.36861 9.67217
-3.65087 3.87614 13.3578
2.01423 1.92561 9.39724
-0.326151 -4.00416 8.43962
1.83509 -2.95859 9.31207
3.34066 -3.71385 8.88099
1.557 -1.96445 9.92503
0.152497 1.57329 8.95382
1.51138 -3.83161 8.78248
1.37277 -3.64075 8.85547
-2.78344 -2.08605 9.84862
3.45374 -2.13327 10.0377
0.671734 -2.05596 9.88928
-3.28878 -1.13648 10.5061
1.70785 -0.835107 8.0297
1.64876 -0.500945 7.70687
1.73143 -0.271491 7.4316
2.1104 -0.0531884 7.74168
1.25728 0.159385 7.93206
1.29168 0.253344 8.23368
1.1956 0.246266 8.05779
-2.00615 3.38035 10.7876
-2.40403 1.69472 9.16009
-0.450757 1.97827 9.31471
1.74293 2.32949 9.64039
-0.507461 -4.17482 8.57683
2.43353 -3.96667 8.55205
1.19771 -3.61324 8.81621
-1.59264 -3.34064 8.80445
2.28038 -3.37956 8.99711
0.56843 -3.27002 8.94866
-0.714545 -3.1152 9.23695
-0.0107582 -2.69466 9.47712
2.73705 2.95766 9.97243
0.782889 -2.62723 9.67053
-2.68597 -1.97168 9.86687
-1.21348 -1.90291 9.90453
1.60711 2.11639 9.49491
1.71454 2.07746 9.37739
0.512349 -1.92409 10.092
-1.17095 -1.8861 10.2124
0.52348 -1.74959 10.3817
-2.79422 -1.62133 10.1662
-2.2373 -1.63204 10.3496
-0.448228 -1.46304 10.1138
0.0718956 -1.34868 10.254
0.659795 -1.20397 10.6736
-3.54601 -1.05216 10.6993
-2.44488 -0.914079 10.8065
-1.34716 -0.395048 9.34411
1.71316 -0.223919 7.74468
1.34678 0.130824 7.93482
2.14863 0.153451 7.89833
-1.33234 0.394722 8.09588
0.269152 1.21009 8.74593
0.931778 0.587539 8.26103
0.413429 0.772017 8.5639
-1.38505 3.29277 10.5001
0.245156 0.963183 8.53012
-2.03897 1.06404 8.67719
2.78018 -4.07645 8.37338
-0.0301271 1.05271 8.68619
-0.0737729 -3.82953 8.49105
1.41499 -3.88731 8.62209
1.34671 -3.82412 8.75472
-1.06361 4.77123 11.4651
1.02154 2.62226 9.80444
2.95959 -3.36861 9.00216
2.06471 -3.20186 8.77373
-0.930736 -3.25639 9.22632
1.27198 2.50323 9.63469
0.0649075 -2.80165 9.49583
0.0554609 0.564083 8.24547
2.97249 -2.75112 9.52314
-0.11276 -2.70484 9.51056
-0.0940198 0.537145 8.21963
0.893631 -2.58865 9.431
0.0460599 -2.57694 9.4315
-4.43036 4.27416 13.2002
-0.535378 0.353211 8.04036
-3.05582 -1.94884 9.93323
1.78886 -2.00503 10.0464
1.88778 -1.91577 9.99413
0.223876 1.90416 8.99315
-2.81064 -1.66845 10.0033
2.89822 -1.70363 10.1723
-0.864808 -1.55288 10.2408
-2.92002 -1.54953 10.3742
-0.469673 -4.24359 8.40529
0.780498 -1.16458 10.2323
4.06016 -0.523503 11.1708
1.47419 1.46964 8.83669
-0.77615 1.08035 8.67439
-1.16167 3.14505 10.1852
-0.137612 3.86342 10.815
-0.504237 -0.797718 9.57834
-0.778843 -4.08314 8.46416
-0.157411 1.10705 8.65096
-1.58029 0.954298 8.58093
-1.15003 4.5786 11.0157
-3.68187 0.0534762 11.6542
3.11688 -1.55762 10.4646
4.48502 5.46102 14.4812
-0.932206 -1.50347 10.1329
-1.77708 1.84923 9.27622
1.49065 3.50742 10.4031
1.45678 0.0673544 7.7818
-0.510498 -3.71312 8.86539
1.29427 1.81558 9.0871
-0.937164 -3.53245 8.93195
-4.11564 4.13139 13.0819
1.46296 0.127042 7.9253
1.56817 3.88686 10.3911
0.100406 1.97594 9.27978
-1.78437 -1.92577 10.0865
2.45934 -1.9494 9.92213
3.64378 -1.95492 9.85717
1.80501 0.751454 8.36444
2.14853 -3.44269 9.3562
1.11209 -2.03346 9.88919
-0.461112 0.716843 8.51851
1.78811 -2.08048 9.87834
1.3052 -3.26709 9.06737
-0.286976 -4.30232 8.1601
-1.20698 -3.16832 9.08848
0.497781 -2.2167 9.61822
0.83056 0.444338 8.22652
2.62527 -2.32151 9.75984
0.191156 1.26922 8.68846
2.10597 2.2253 9.41886
1.45109 -3.07449 9.1079
-2.48452 -2.38238 9.62419
-2.74981 -2.39931 9.56918
1.47755 -3.01442 9.22529
1.14449 -2.61857 9.51113
-0.465421 -2.60658 9.41265
-0.27897 -2.5634 9.28477
0.298156 -2.79565 9.23554
0.507922 0.569763 8.29834
-0.197601 2.88281 9.80197
-1.18393 -2.69184 9.30971
1.87288 -2.79 9.22151
-1.40685 0.583541 8.32627
2.36551 -2.7741 9.38052
-1.58477 0.598408 8.38056
-0.854053 1.20035 8.86172
-1.30569 -3.24727 9.06234
