0.925855 1.58551 8.69312
0.709838 1.55303 8.65527
0.558256 1.38224 8.63319
0.693913 1.25707 8.62844
-0.326555 1.06623 7.59812
-0.3098 1.12526 7.90184
-0.368681 1.10501 7.82762
-0.719614 0.986709 7.84323
0.748314 0.688417 7.2666
0.612129 0.841605 8.48999
0.210962 0.76888 8.24831
0.711135 0.598936 7.28707
0.515176 0.576112 7.34491
-0.35012 0.563167 7.13773
0.705589 0.549493 7.30383
0.742175 0.562037 7.40425
0.68818 0.54274 7.33055
0.394447 0.532213 7.30554
0.522235 0.515562 7.28673
0.23128 0.504814 7.22283
0.503497 0.502964 7.20763
0.452503 0.503786 7.32252
0.179321 0.479889 7.14512
0.229999 0.470385 7.26805
-0.169163 0.434867 7.06241
-0.231297 0.429285 7.14169
0.376729 0.420328 7.22781
-0.00498394 0.414779 7.16136
-0.140851 0.402191 7.0884
-0.0621427 0.402989 7.16136
-0.00527728 0.402341 7.16387
-0.167513 0.400528 7.10377
0.706 0.409459 7.46245
0.416578 0.386707 7.16164
-0.152572 0.389425 7.1754
0.248563 0.38978 7.26702
0.783157 0.372922 7.22267
0.341208 0.36559 7.15842
0.485027 0.366575 7.15602
0.64283 0.354076 7.09158
0.758403 0.371336 7.34227
-0.514512 0.371835 7.11708
0.259444 0.360979 7.167
0.297206 0.360273 7.16406
0.735725 0.36008 7.25953
0.227492 0.359534 7.18746
0.278092 0.358625 7.18404
-0.52191 0.354202 7.03125
0.366119 0.346527 7.1602
-0.382611 0.347173 6.99734
-0.266355 0.34756 7.08346
-0.578857 0.341037 6.95107
-0.558352 0.337092 6.94019
-0.144154 0.344677 7.11632
-0.0367209 0.336676 7.2825
0.761483 0.3129 7.15812
0.252583 0.317563 7.17744
0.415971 0.314565 7.16175
-0.0857506 0.311332 7.09235
0.315523 0.314306 7.1912
0.66401 0.303157 7.18675
0.815002 0.310794 7.43973
0.0376319 0.301645 7.1179
0.296428 0.302139 7.19574
0.343562 0.293203 7.09093
-0.357824 0.294486 6.99325
0.275331 0.288225 7.09789
0.433204 0.293556 7.25191
0.713298 0.283347 7.17993
0.0399643 0.275434 7.02336
0.22045 0.280581 7.18765
0.704468 0.27511 7.27387
0.646933 0.270217 7.21842
-0.462969 0.274251 6.99079
-0.0257036 0.271329 7.12139
0.0816745 0.266281 7.10837
-0.0133231 0.264988 7.12327
0.738171 0.251775 7.18238
0.232772 0.255327 7.19269
0.258112 0.254958 7.19134
0.758456 0.241728 7.09348
-0.109465 0.250181 7.03602
0.699889 0.247523 7.30212
0.601148 0.232803 7.13356
0.61951 0.232441 7.12984
0.653431 0.238773 7.22567
0.738453 0.233144 7.18767
0.667461 0.225223 7.29725
0.662297 0.219287 7.12398
0.696929 0.225345 7.21907
0.727739 0.224706 7.21142
0.625762 0.213831 7.13351
0.614557 0.205352 7.15605
-0.38822 0.194664 6.92104
0.0989864 0.191633 7.12382
-0.554597 0.195139 6.97762
0.0501905 0.177625 7.04282
-0.540545 0.173284 6.96723
-0.525713 0.176672 6.98831
-0.541163 0.165381 6.8864
-1.09543 0.37131 16.3184
-0.81205 0.139963 6.99745
-0.169002 0.126518 6.97004
0.591024 0.0715475 7.26512
-0.535249 0.0842164 6.9155
0.408228 0.0667518 7.20473
0.540737 0.0623053 7.20681
-0.783763 0.0716791 6.98012
-0.770586 0.065322 6.93609
0.47188 0.0409549 7.11902
0.571236 0.0398848 7.18944
0.615698 0.0362995 7.20068
0.737762 0.0196023 7.16126
0.590046 0.00814609 7.19441
0.552022 0.00290102 7.11726
0.68905 0.00111568 7.17725
0.75223 -0.000993199 7.34111
0.652141 -0.00493831 7.18641
0.621228 -0.0110536 7.19387
0.465582 -0.0152139 7.13322
0.724745 -0.0209134 7.15733
0.583968 -0.0234914 7.20355
0.686464 -0.0290751 7.10136
0.658664 -0.0429315 7.19519
0.677205 -0.0430183 7.19154
-0.732286 -0.0263467 6.92595
0.558338 -0.0533854 7.13029
0.639282 -0.0563563 7.40047
0.533674 -0.0595335 7.13534
0.40938 -0.0651403 7.15054
0.465436 -0.0843719 7.14964
0.39674 -0.0903345 7.15735
0.447079 -0.100608 7.1731
0.546656 -0.106264 7.23011
0.589362 -0.110039 7.13969
0.0650705 -0.113978 7.0017
0.522126 -0.122864 7.25588
0.336737 -0.126311 7.12111
0.0359556 -0.129168 6.92445
0.651008 -0.141611 7.13745
0.37989 -0.14404 7.08797
0.565668 -0.151284 7.23866
-0.0223323 -0.147694 7.01741
0.330289 -0.156332 7.09325
0.333264 -0.17664 7.19835
0.348722 -0.175238 7.09652
0.361213 -0.17294 7.11271
-0.11267 -0.175206 7.09277
0.429415 -0.179466 7.10967
-0.261651 -0.181517 6.9238
0.0788485 -0.200581 7.20079
0.558787 -0.20499 7.16748
0.358232 -0.211094 7.18687
0.332927 -0.215159 7.20682
-0.438311 -0.196415 6.88279
-0.130679 -0.199852 6.85693
0.391997 -0.217201 7.12074
0.360837 -0.223434 7.12377
0.0927457 -0.223441 7.04049
0.0434109 -0.229184 7.03795
0.329553 -0.235989 7.12773
-0.0930596 -0.231647 7.04033
0.58653 -0.262372 7.28092
-0.173668 -0.238006 6.94901
-0.0245576 -0.247114 7.03448
-0.286336 -0.255365 6.99219
0.432106 -0.281083 7.28413
0.614975 -0.275058 7.17692
-0.133647 -0.269709 7.10541
-0.197895 -0.267486 7.02915
-0.159651 -0.2701 7.01922
-0.14138 -0.270399 7.02231
-0.360984 -0.270455 6.99371
-0.293721 -0.266451 6.92914
0.401856 -0.30117 7.20457
-0.259275 -0.291305 7.02052
-0.270679 -0.291447 6.93787
0.0234162 -0.303988 7.04947
0.645029 -0.317751 7.17339
-0.294589 -0.297071 6.93327
-0.347921 -0.301979 6.92099
-0.330243 -0.302396 6.92549
-0.371604 -0.30752 6.91558
-0.383507 -0.313334 6.91315
-0.539496 -0.321383 6.94714
0.414529 -0.351122 7.23311
-0.460468 -0.328265 6.9909
0.554398 -0.427248 7.39703
0.508953 -0.417606 7.2234
0.40754 -0.424431 7.2316
0.470906 -0.470001 7.23827
0.459145 -0.474113 7.15611
-0.713313 -0.456446 7.01492
0.444562 -0.504646 7.35334
-0.0859059 -0.510464 7.06977
0.0302568 -0.524223 7.1059
-0.0569888 -0.535432 7.09584
0.118086 -0.539316 7.10015
-0.649765 -0.540841 7.06935
-0.464285 -0.548024 6.99937
-0.351301 -0.558833 7.03529
-0.798864 -0.568956 7.09447
0.502537 -0.608093 7.26744
-0.0489806 -0.597819 7.19088
0.0533784 -0.6006 7.18722
0.206077 -0.603315 7.18291
-0.00231427 -0.594153 7.1136
-0.322061 -0.591556 7.04774
-0.0149022 -0.600328 7.11285
0.0161214 -0.607355 7.11834
-0.326552 -0.614859 7.15215
0.463683 -0.653024 7.38599
0.0971483 -0.633917 7.1979
-0.0391854 -0.632662 7.09695
0.0577534 -0.652246 7.21491
0.134225 -0.653386 7.22307
0.0288972 -0.646918 7.10919
-0.28594 -0.631961 6.98138
0.21705 -0.667427 7.23178
-0.0125406 -0.67058 7.20863
-0.0224889 -0.664525 7.12231
-0.111942 -0.675567 7.02725
-0.141177 -0.693558 7.10549
-0.372952 -0.684131 6.9806
-0.270727 -0.714578 7.07816
-0.10658 -0.707398 7.03309
-0.554027 -0.706244 7.00293
-0.374162 -0.727998 6.98565
0.343903 -0.7746 7.22155
-0.470078 -0.76181 7.05853
0.483043 -0.815524 7.31435
-0.37121 -0.801465 7.18272
-0.56575 -0.809192 7.11404
0.202293 -0.93701 7.34959
0.226443 -0.933961 7.28291
0.252489 -0.940632 7.26773
0.104445 -0.928204 7.18447
0.149507 -0.945805 7.25911
-0.467755 -1.19003 7.19515
0.922313 1.95606 8.64943
0.96192 1.76159 8.68524
0.933936 1.61419 8.81829
-0.225267 0.996976 8.20794
0.747598 0.683524 7.24267
0.212336 0.766035 8.21789
0.663414 0.599007 7.32782
0.723919 0.581186 7.31516
0.511126 0.570149 7.2854
0.731767 0.558361 7.31976
0.646677 0.577223 7.57659
0.713522 0.562736 7.44008
0.371722 0.546592 7.28106
0.230821 0.502683 7.21305
0.488211 0.510814 7.30633
0.383011 0.497054 7.21937
0.341319 0.499946 7.33287
0.220872 0.47734 7.13729
-0.808027 0.474982 7.00904
0.268264 0.470021 7.2396
0.199032 0.463967 7.24641
0.222103 0.463499 7.24495
-0.166623 0.423423 7.04243
0.325429 0.423484 7.14054
0.374767 0.424626 7.21669
-0.238752 0.41123 7.11667
-0.372461 0.402395 7.01689
-0.143455 0.408342 7.14878
-0.0842438 0.395702 7.03375
-0.384388 0.390059 6.99593
0.772514 0.370417 7.23045
0.743144 0.363899 7.24109
0.785767 0.381924 7.47435
0.297969 0.3662 7.23955
-0.517977 0.358517 6.99149
-0.605721 0.340393 6.85104
-0.272896 0.356817 7.143
-0.56823 0.343808 6.98015
0.264315 0.343192 7.16503
0.450231 0.340448 7.22717
0.488041 0.332094 7.22323
-0.440075 0.329252 7.01437
-0.0683887 0.320373 7.14978
0.241688 0.316329 7.15131
-0.03224 0.317378 7.17398
-0.182731 0.301359 7.04184
-0.000678148 0.304691 7.15641
0.294247 0.300571 7.15117
0.378242 0.290909 7.16866
-0.212377 0.291576 7.14115
-0.176852 0.296092 7.16622
0.263932 0.286166 7.15672
-0.26658 0.284472 7.05414
-0.176198 0.271886 7.04777
0.841316 0.251807 7.13836
-0.0373963 0.260482 7.083
0.24845 0.256513 7.1644
-0.388973 0.251028 7.01645
0.612878 0.238195 7.09941
-0.462179 0.252365 7.12356
0.711112 0.232608 7.18109
0.747721 0.231817 7.17172
-0.231329 0.221702 6.97153
-0.565494 0.216009 6.89899
-0.327379 0.21824 7.05464
0.689503 0.230811 7.76016
0.0560577 0.209467 7.28271
0.0170849 0.202173 7.28294
-0.472419 0.182623 6.90883
-0.082523 0.174975 7.07478
-0.609685 0.167852 6.99116
-0.830257 0.147429 7.05879
0.61205 0.0673099 7.04496
0.473632 0.0391751 7.07322
0.578504 0.0377637 7.26218
0.614222 0.0376758 7.1519
0.510307 0.0314435 7.0703
0.743578 0.0210508 7.2327
0.495642 0.0167528 7.07581
0.592152 0.0152936 7.16162
0.686617 0.00347897 7.12521
0.546935 0.00152319 7.07236
0.510322 -0.0056274 7.07928
0.621917 -0.00754504 7.16223
0.724788 -0.00820933 7.14138
0.58491 -0.0224193 7.17248
0.688385 -0.0230294 7.15331
0.720791 -0.0217678 7.04617
0.502455 -0.0466786 7.29513
0.502978 -0.0427982 7.08917
0.429109 -0.0498201 7.09896
0.458711 -0.0500022 7.09603
0.79821 -0.0572135 7.2515
0.517752 -0.0676393 7.19371
0.570191 -0.067883 7.18632
-0.0142408 -0.0958475 7.13043
0.114959 -0.0912306 6.94494
0.451651 -0.0993137 7.1292
0.592766 -0.106075 7.19244
0.548753 -0.11046 7.22187
0.465958 -0.117545 7.11106
0.0530154 -0.119302 7.14
-0.217416 -0.135016 7.01088
-0.693791 -0.130815 6.89611
-0.0366386 -0.143696 6.92347
-0.0196188 -0.144948 7.04006
-0.377296 -0.169544 6.98158
-0.0424263 -0.174576 7.04285
-0.269507 -0.178847 7.00756
-0.0968831 -0.184073 6.94243
0.0913562 -0.193664 7.03734
0.3536 -0.207977 7.13977
-0.512717 -0.196324 6.94682
-0.452504 -0.195065 6.98552
0.356716 -0.217778 7.04425
0.0451796 -0.22804 7.06081
0.0092864 -0.237684 7.03886
0.584893 -0.254809 7.20902
-0.177318 -0.234268 6.93785
-0.00699389 -0.242495 7.05855
-0.429668 -0.250046 6.97848
-0.286119 -0.253134 7.01503
0.456956 -0.275789 7.24991
-0.3326 -0.264785 7.02676
0.239471 -0.281493 7.17876
-0.323656 -0.273253 6.93311
0.43997 -0.322609 7.36804
0.634516 -0.312119 7.18835
-0.328748 -0.297387 6.91516
-0.463054 -0.306527 6.99689
0.510393 -0.407361 7.17402
-0.69233 -0.403867 6.98397
-0.738573 -0.418797 7.03775
-0.710294 -0.452505 7.00112
0.571681 -0.503617 7.29295
0.229478 -0.500606 7.20117
0.0319498 -0.516625 7.11069
-0.146773 -0.520738 7.08393
-0.0148053 -0.537607 7.12941
0.495251 -0.555371 7.2088
-0.245063 -0.535281 6.98852
-0.714471 -0.542293 7.0156
0.266404 -0.578009 7.23941
-0.470488 -0.554361 7.02538
-0.345658 -0.546882 6.96424
-0.149352 -0.554175 6.99154
0.0233919 -0.57034 7.11889
-0.282911 -0.569184 7.08217
-0.30783 -0.56425 6.95637
-0.20956 -0.579177 7.10101
-0.00685854 -0.585207 7.11738
-0.452454 -0.579778 6.93576
-0.435908 -0.593784 7.04154
-0.0237921 -0.607036 7.13978
0.0213188 -0.607912 7.14623
0.135138 -0.624354 7.24093
-0.535466 -0.596648 7.00753
-0.357033 -0.597887 6.98826
0.127547 -0.626037 7.13994
-0.4294 -0.616888 7.04649
-0.196421 -0.612048 7.01058
0.204003 -0.648842 7.25056
-0.456514 -0.608539 6.95852
-0.114528 -0.64362 7.13036
0.265229 -0.681071 7.25989
-0.204629 -0.649579 7.01411
0.0653739 -0.67096 7.16262
-0.322172 -0.667408 7.08522
-0.263774 -0.677422 7.10221
-0.236691 -0.677824 7.13061
0.125752 -0.719619 7.36281
-0.291801 -0.669021 6.99506
0.444645 -0.71931 7.3147
-0.0558531 -0.699554 7.14981
-0.481562 -0.690421 7.03773
-0.232428 -0.694533 6.9932
-0.556495 -0.708576 7.03366
-0.253128 -0.739326 7.13527
0.32606 -0.777546 7.25912
0.341457 -0.777581 7.25948
-0.287857 -0.753655 7.10634
0.478291 -0.811227 7.34706
-0.472645 -0.759438 7.07071
0.0406113 -0.780119 7.17813
-0.337174 -0.757588 6.99365
-0.408273 -0.778472 7.09505
0.199022 -0.909332 7.19754
0.09776 -0.952367 7.3183
0.152982 -0.932364 7.19696
-0.25165 -0.964128 7.27158
-0.0927583 -1.06907 7.32665
-0.144043 -1.08962 6.99393
0.852388 1.69459 8.82952
0.34818 0.864025 8.18538
0.205205 0.806444 8.22608
0.692847 0.565853 7.33402
0.371697 0.546913 7.27646
0.665767 0.548947 7.34693
0.711218 0.54698 7.3343
0.554471 0.513999 7.25154
0.338738 0.482759 7.16935
-0.814645 0.479914 7.03094
0.27483 0.473135 7.20468
0.209458 0.451431 7.07493
0.739761 0.455081 7.35387
-0.22816 0.437677 7.18003
-0.177461 0.425606 7.08943
0.374432 0.419679 7.18037
-0.32044 0.415477 7.08174
-0.343628 0.402508 7.04556
-0.396482 0.393781 7.03718
-0.147202 0.400965 7.19517
0.38016 0.398644 7.34064
0.794713 0.374243 7.20084
0.342621 0.383874 7.32145
0.482432 0.372532 7.17608
0.742126 0.367064 7.2188
0.756365 0.380772 7.51286
-0.527691 0.358474 7.01264
-0.388921 0.358468 7.04421
0.227575 0.36606 7.23357
0.676136 0.343685 7.1171
-0.630236 0.349372 6.98499
-0.242549 0.362433 7.2183
-0.166764 0.355805 7.2018
0.264555 0.350267 7.20834
0.364856 0.348347 7.19909
-0.20405 0.339961 7.07667
0.804347 0.329428 7.21142
-0.419856 0.325456 6.92422
0.760527 0.321781 7.2269
0.795929 0.311805 7.21934
-0.631489 0.314224 6.9892
0.000814139 0.302611 7.10013
0.291474 0.304649 7.21687
0.355413 0.303523 7.21105
0.644887 0.288708 7.26671
0.789598 0.279188 7.10458
-0.640865 0.287801 6.98967
0.260925 0.281384 7.10154
-0.171457 0.272249 6.97413
-0.577952 0.2618 6.91706
-0.037962 0.263996 7.13102
0.245062 0.260018 7.23044
-0.224436 0.246489 6.97162
0.755855 0.236009 7.12672
-0.400591 0.244002 6.96476
-0.172437 0.237391 6.98
0.670446 0.216511 7.17998
-0.525053 0.213125 6.91413
-0.567449 0.195919 6.90427
0.0766648 0.203517 7.27287
-0.529374 0.186467 7.06201
-0.615921 0.168963 7.03864
-0.190816 0.15466 7.23567
-0.157384 0.149687 6.99686
-0.252857 0.139708 6.87095
-0.218787 0.141415 6.98981
0.614287 0.0674354 7.08388
0.473298 0.0420753 7.1121
0.508789 0.0328004 7.1097
0.741694 0.0212882 7.19109
0.715289 0.0124038 7.19969
0.535386 0.00570491 7.11258
0.697804 0.00106964 7.47008
0.688746 0.00348536 7.20797
0.464313 -0.00273539 7.1239
0.632287 -0.00394951 7.09895
0.553148 -0.0213469 7.11664
0.802677 -0.0450321 7.32292
0.401457 -0.0564989 7.14271
0.437245 -0.0839256 7.14586
0.508821 -0.0842676 7.13811
0.590656 -0.0971953 7.25278
0.112187 -0.0962716 7.03925
0.545205 -0.106335 7.26188
-0.648307 -0.093605 6.83538
-0.0369407 -0.140288 6.94637
-0.0146312 -0.14522 7.06417
-0.698992 -0.136129 6.91977
0.337549 -0.162112 7.19625
0.481913 -0.175239 7.16283
-0.0597067 -0.171729 7.064
0.373552 -0.193296 7.17558
-0.113386 -0.189081 7.05999
-0.48943 -0.185438 6.86041
-0.45769 -0.197937 7.01268
0.350294 -0.211155 7.08691
-0.0124503 -0.211054 6.96113
0.332391 -0.223262 7.06557
-0.177762 -0.23524 6.94189
0.454675 -0.267164 7.1867
0.242378 -0.274162 7.10203
0.0792252 -0.29029 7.2193
-0.35313 -0.273165 6.93387
0.035647 -0.299746 7.09664
-0.0182397 -0.308194 7.09254
-0.362544 -0.310846 7.02879
-0.37115 -0.308083 6.93392
-0.461585 -0.323757 7.02801
-0.489341 -0.322486 6.90124
0.406193 -0.370384 7.33817
0.555112 -0.417762 7.33736
0.399472 -0.416122 7.22354
0.499754 -0.415858 7.21721
-0.466179 -0.384909 6.91617
0.279812 -0.462949 7.23541
0.307405 -0.463036 7.23555
0.482296 -0.468818 7.11121
0.233313 -0.500468 7.242
0.573957 -0.513861 7.35862
-0.00968168 -0.487809 7.00817
0.489909 -0.533884 7.3706
-0.0406042 -0.50972 7.12401
0.0328946 -0.512639 7.10882
-0.157339 -0.525642 7.10674
-0.202431 -0.519527 6.97956
0.112023 -0.549162 7.14866
-0.0985051 -0.540164 7.00291
-0.835637 -0.553087 7.13488
-0.691962 -0.538285 6.99356
-0.246294 -0.54517 6.97329
-0.151048 -0.547893 6.99433
0.0212589 -0.566422 7.142
-0.352539 -0.549176 6.97082
-0.284162 -0.560592 6.99069
-0.00619235 -0.584513 7.14145
0.102318 -0.586271 7.15448
-0.0604261 -0.592687 7.13465
0.0659197 -0.595067 7.15228
0.495074 -0.603491 7.20806
-0.125775 -0.584664 7.00474
-0.546534 -0.592442 7.0319
-0.350201 -0.586327 6.95165
-0.489426 -0.605936 6.93448
-0.115357 -0.637801 7.13221
-0.522951 -0.613147 6.92326
-0.213964 -0.653384 7.11383
0.264792 -0.662703 7.17977
0.499151 -0.699934 7.40822
-0.402417 -0.663588 7.08985
0.172787 -0.663195 7.05771
-0.350252 -0.675167 7.10715
-0.22618 -0.662186 7.0191
-0.471341 -0.654293 6.91994
0.444645 -0.71931 7.3147
-0.330351 -0.676225 6.99359
-0.478995 -0.686436 6.97242
-0.44708 -0.707502 7.08074
-0.495207 -0.712691 6.96115
-0.210176 -0.746078 7.15418
-0.474515 -0.761315 7.0776
0.032387 -0.803097 7.30732
0.18108 -0.784614 7.19759
-0.449173 -0.781269 7.08889
0.198368 -0.908208 7.19572
0.225103 -0.91849 7.22584
-0.544607 -0.880999 6.9772
0.104666 -0.935863 7.23362
0.15133 -0.936478 7.22191
0.207933 -1.02069 7.33988
-0.315413 -1.02325 7.16294
-0.149133 -1.10865 7.10017
0.533265 1.55204 8.6032
0.464571 1.05744 8.50042
-0.211766 0.964528 8.02985
0.173324 1.01063 8.33677
0.352342 0.858415 8.12838
0.585365 0.854468 8.48559
0.713107 0.594485 7.29202
0.689515 0.676257 8.14153
0.593906 0.650353 8.09311
0.681103 0.563725 7.31094
0.702913 0.551975 7.3081
0.374927 0.538346 7.22644
0.645721 0.576005 7.66322
-0.323108 0.418291 7.09522
-0.0215014 0.41605 7.12539
-0.291407 0.407501 7.10198
-0.130332 0.395788 7.1228
-0.504163 0.375709 7.06521
-0.383868 0.356176 6.95033
-0.346404 0.363107 6.98556
-0.639366 0.354001 7.03091
-0.254508 0.370252 7.29899
-0.16396 0.353187 7.12758
-0.120685 0.352833 7.13166
0.262648 0.356591 7.28354
-0.59373 0.350642 7.0761
-0.312174 0.335136 6.96677
-0.186961 0.33446 6.98475
0.417778 0.342582 7.27003
-0.00822029 0.322418 7.00129
0.676741 0.318377 7.19389
-0.624098 0.310796 6.92541
-0.0240834 0.308885 7.1465
0.291193 0.30454 7.14252
0.34521 0.303593 7.1378
0.0333601 0.290578 7.00901
-0.651873 0.290068 7.03535
0.730306 0.274144 7.19262
-0.539666 0.273035 6.92553
-0.328276 0.279035 7.00224
-0.0816761 0.283896 7.17879
-0.580245 0.262642 6.91535
0.23643 0.262494 7.15572
-0.231636 0.240436 6.99488
-0.188667 0.245546 7.14419
0.662589 0.227178 7.07438
-0.273786 0.230193 6.99005
0.610464 0.217657 7.08824
-0.516267 0.216528 6.96918
-0.0861443 0.165396 7.02515
-0.213715 0.134715 7.01507
0.462142 0.113239 7.13941
0.397368 0.0707484 7.15687
0.611442 0.0685191 7.12711
-0.556672 0.0737063 6.80818
0.549036 0.0530438 7.17268
0.727656 0.0137646 7.11745
0.463435 0.00626306 7.023
0.504978 -0.00622799 7.16294
0.601286 -0.00691091 7.14839
0.633154 -0.00712663 7.14271
0.382851 -0.0331788 6.90494
0.808113 -0.0459421 7.42343
0.400045 -0.0570051 7.04365
0.461751 -0.0605464 7.18127
0.558841 -0.082917 7.17435
0.346868 -0.0887377 7.05428
-0.0177571 -0.0919977 7.07787
0.374814 -0.0994639 7.2293
-0.0352051 -0.140308 6.94656
-0.0189759 -0.146137 7.08749
0.373954 -0.192673 7.21911
-0.222762 -0.186873 7.06543
0.0890553 -0.194454 6.96669
0.519111 -0.238493 7.77132
0.548401 -0.215152 7.20833
0.324443 -0.217944 7.08301
-0.0206801 -0.22231 7.10089
0.580991 -0.248428 7.21221
-0.536489 -0.245219 6.99306
-0.275778 -0.242316 6.9237
0.238096 -0.271894 7.09516
-0.403668 -0.270088 7.03621
-0.309956 -0.28304 7.06171
0.366622 -0.294208 7.09774
-0.225425 -0.276119 6.80701
0.259185 -0.30476 7.10192
-0.524569 -0.306881 6.89275
-0.457014 -0.322852 7.02789
0.395214 -0.369145 7.28929
-0.277062 -0.336911 6.80425
-0.259349 -0.360566 7.08458
-0.217057 -0.338263 6.81754
0.548809 -0.405596 7.25416
0.394573 -0.417445 7.26812
0.305113 -0.471912 7.31384
0.483778 -0.469871 7.12976
0.0416283 -0.472387 7.01182
0.483729 -0.503125 7.13715
-0.167762 -0.528245 7.12916
-0.200747 -0.521369 6.98019
0.27389 -0.528908 7.03778
0.482695 -0.565624 7.29676
-0.0966307 -0.534793 7.0024
-0.697949 -0.53692 7.02637
-0.149219 -0.544336 6.99415
-0.201575 -0.553704 6.98468
0.0150597 -0.576833 7.16703
-0.427627 -0.573444 7.10024
0.0693461 -0.588942 7.17559
0.202257 -0.609973 7.33928
-0.0614745 -0.59772 7.15939
0.494715 -0.621712 7.34115
-0.789383 -0.606141 7.22828
-0.452423 -0.575314 6.94847
-0.432206 -0.576204 6.95515
-0.0400182 -0.6094 7.16471
0.0181092 -0.591501 7.02903
0.0361821 -0.61088 7.17558
0.460302 -0.634922 7.31345
-0.0562985 -0.611756 7.02126
0.199931 -0.635576 7.19527
-0.151333 -0.631018 7.0066
0.144236 -0.670181 7.05655
-0.409875 -0.685304 7.12016
-0.342461 -0.689122 7.1096
-0.295477 -0.648815 6.84034
-0.353646 -0.687732 6.99326
0.0883759 -0.747449 7.20571
0.308268 -0.772662 7.22697
0.176634 -0.791487 7.25577
-0.457332 -0.747435 6.96685
-0.334839 -0.753939 7.00725
0.471028 -0.821374 7.35408
0.0354747 -0.78957 7.06398
0.220402 -0.95124 7.40672
0.151334 -0.943324 7.24747
0.207875 -1.03469 7.42135
-0.163925 -1.1417 7.25271
0.744666 1.93323 8.63778
0.715849 1.72818 8.74662
0.648469 1.544 8.78935
-0.34994 1.14994 8.19067
-0.375628 0.742353 7.31049
0.537961 0.568059 7.27557
0.448001 0.515463 7.12398
0.405489 0.507482 7.31709
0.2133 0.467402 7.20115
-0.101038 0.449807 7.16797
-0.0748151 0.449536 7.16957
0.734644 0.447655 7.2727
-0.18182 0.412038 6.99394
-0.341903 0.40859 7.18525
-0.171874 0.394642 7.21047
0.485227 0.386882 7.33559
-0.523294 0.382573 7.15147
0.382746 0.364591 7.17171
0.408721 0.364023 7.16842
-0.531783 0.350228 6.93956
-0.338875 0.347563 7.15806
-0.252027 0.355881 7.20816
-0.183995 0.336749 7.00692
0.264925 0.341114 7.18916
0.317326 0.340157 7.1849
-0.422214 0.325185 6.96941
-0.496895 0.300154 6.95552
0.290716 0.301802 7.19628
0.356214 0.300654 7.19036
-0.0711774 0.285361 7.02675
0.657763 0.290077 7.32632
-0.625503 0.282915 6.95734
-0.615702 0.278062 7.14101
-0.173851 0.248252 7.0235
-0.13899 0.255748 7.06169
0.678585 0.229888 7.1531
-0.616515 0.194498 6.97153
-0.485168 0.177093 6.84359
-0.0871548 0.158459 7.04862
-0.190875 0.131214 6.87634
0.473027 0.116374 7.22126
-0.553733 0.0726451 6.80359
0.394012 0.0645159 7.24306
0.616133 0.062267 7.2119
0.536123 0.0435508 7.02056
0.648023 0.0299319 7.00473
0.681261 -0.0171615 7.2202
0.573914 -0.045573 7.03664
0.640576 -0.0492875 7.1988
0.512375 -0.0523484 7.08247
0.459502 -0.0691004 7.26846
0.0356799 -0.087776 7.10387
0.345817 -0.103217 7.10935
0.460461 -0.109121 7.06615
-0.624022 -0.0935466 6.83387
0.0478128 -0.127038 7.11206
0.602478 -0.155166 7.23259
-0.0369645 -0.145321 6.94157
-0.0045217 -0.152667 7.11259
0.0872002 -0.197317 6.96142
0.552088 -0.230989 7.29721
-0.38441 -0.228173 6.88993
0.59183 -0.258049 7.29864
-0.201483 -0.25705 6.93519
-0.10207 -0.258665 6.95207
0.240336 -0.273195 7.14792
-0.329302 -0.263242 6.94325
0.0704162 -0.298327 7.14568
0.3572 -0.30012 7.15181
0.629555 -0.31633 7.26918
-0.354585 -0.288152 6.9404
-0.44019 -0.29873 6.91825
-0.094551 -0.33648 7.314
-0.524634 -0.308985 6.89298
-0.290556 -0.356938 6.9308
-0.332255 -0.365363 6.95665
0.550897 -0.4122 7.30278
-0.406071 -0.376093 6.93808
0.395092 -0.409797 7.13762
0.309365 -0.478782 7.37015
-0.011975 -0.497351 7.17269
0.0439504 -0.479346 7.00747
0.498267 -0.516038 7.15528
0.484158 -0.578464 7.34721
-0.0466616 -0.600783 7.36731
0.0779965 -0.593188 7.20015
0.209668 -0.608245 7.21344
0.498778 -0.632574 7.39836
-0.226564 -0.588265 7.01351
-0.0541444 -0.631353 7.18906
0.261701 -0.676756 7.22923
0.486166 -0.690261 7.23153
0.459802 -0.70414 7.2356
0.0861748 -0.786902 7.41846
-0.295529 -0.758235 7.19376
0.313618 -0.786876 7.25287
0.180478 -0.799568 7.24744
-0.562405 -0.797394 7.10867
0.429106 -0.860895 7.41152
0.178486 -0.938046 7.27255
0.151569 -0.95149 7.27208
-0.235594 -0.952881 7.23731
-0.184209 -0.996957 7.25704
0.217678 -1.00847 7.28916
-0.332268 -1.04505 7.24755
-0.161443 -1.15152 7.28512
-0.0319864 1.00952 8.28365
-0.13132 0.919372 8.31072
-0.209387 0.90203 8.31398
0.376356 0.910912 8.46102
0.557542 0.863195 8.49848
0.518246 0.603062 7.67226
0.579952 0.538141 7.19321
0.249509 0.501885 7.25597
-0.263565 0.414489 7.04603
-0.089648 0.412855 7.28008
0.275175 0.382263 7.0254
0.391286 0.378307 7.22445
0.471673 0.363046 7.00629
-0.551205 0.353941 6.997
-0.111957 0.352493 7.0738
-0.417589 0.338777 7.03138
-0.235345 0.338104 7.06304
0.0260518 0.305179 7.09064
-0.133687 0.252433 6.88992
-0.268764 0.246234 7.07377
-0.615329 0.201631 6.99876
0.0703381 0.196955 7.11357
-0.512586 0.185942 7.03093
-0.101387 0.167669 7.10885
-0.431745 0.0914208 6.86211
0.440477 0.0148212 7.09461
0.485125 0.0129059 7.30326
0.577818 -0.0324965 7.08786
0.452974 -0.0677332 7.32697
0.378278 -0.0935892 7.12498
0.0997029 -0.100808 6.93086
0.455473 -0.109607 7.12217
0.593526 -0.14122 7.11247
0.315324 -0.187611 7.14886
0.0804026 -0.201785 7.14825
-0.294451 -0.196148 6.93481
0.346255 -0.21938 7.15458
0.455085 -0.251295 7.15493
0.298902 -0.266833 7.16618
-0.32075 -0.256048 6.89093
-0.192122 -0.259047 6.96485
0.354555 -0.297651 7.38827
-0.471924 -0.268257 6.8979
0.0628956 -0.297014 7.16486
-0.00965745 -0.323555 7.4306
0.298247 -0.330675 7.17962
0.391885 -0.411109 7.19445
-0.5187 -0.388307 6.8972
0.312728 -0.459468 7.20639
0.233276 -0.491554 7.21172
0.02459 -0.502563 7.24372
-0.0742927 -0.511916 6.98282
0.280244 -0.540557 7.22274
-0.168901 -0.522558 7.0093
0.105477 -0.555433 7.21612
-0.378228 -0.54696 6.96097
0.212987 -0.578533 7.0251
0.262878 -0.671499 7.24835
0.373744 -0.771009 7.27095
-0.339157 -0.735511 6.99641
0.469398 -0.803933 7.27689
-0.54176 -0.782732 7.01569
0.0806298 -0.935466 7.32747
0.179323 -0.936529 7.29264
-0.239632 -0.940471 7.26319
0.210637 -1.00428 7.30803
-0.152596 -1.11139 7.09741
-0.471914 -1.22733 7.27023
-0.234257 1.41081 8.31097
-0.139927 1.23047 8.21454
0.421217 1.21011 8.54671
-0.0311652 1.00932 8.27019
-0.126297 0.923005 8.29617
-0.114157 0.409104 7.08739
-0.0495603 0.427026 7.35165
0.275915 0.385196 7.0912
-0.457752 0.390738 7.30591
-0.428864 0.337123 7.05381
-0.129941 0.35045 7.36215
0.437519 0.341808 7.3451
-0.502273 0.300407 7.04206
-0.411959 0.300255 7.0631
-0.485564 0.263533 7.05159
0.0676465 0.20389 7.13646
-0.0159118 0.193082 7.40154
-0.12062 0.168391 7.13128
-0.32078 0.128967 6.86532
-0.443476 0.0943769 6.84251
0.514713 0.0868682 7.13527
0.34569 -0.119235 7.20103
0.0106996 -0.126542 6.95383
-0.0797719 -0.14376 6.94719
-0.486382 -0.173395 6.86513
0.3071 -0.195706 7.21956
-0.317753 -0.207923 7.16149
-0.384131 -0.229863 6.90125
0.458342 -0.253901 7.22399
-0.471969 -0.26407 6.88068
-0.368258 -0.28483 6.91274
-0.507429 -0.299327 6.87373
-0.114468 -0.327093 7.21916
-0.323491 -0.362362 6.99268
-0.423318 -0.374648 6.90902
0.31519 -0.428397 6.97429
-0.178905 -0.510916 6.98862
-0.0885279 -0.513065 7.00576
0.0909448 -0.565561 7.28703
0.313785 -0.577311 7.00346
0.47709 -0.577024 7.00047
0.474935 -0.688475 7.26671
0.163825 -0.744736 7.07695
0.371536 -0.834272 7.63161
0.0526595 -0.761931 7.06733
0.106741 -0.839756 7.08734
-0.515423 -0.869384 6.98661
0.18199 -0.949207 7.36697
0.2204 -1.01123 7.38216
-0.0270947 0.997253 8.16438
-0.111941 0.89469 8.19382
-0.364842 0.766627 7.40561
-0.222201 0.87008 8.19779
0.214097 0.780993 8.20337
-0.369815 0.32481 7.15145
-0.257812 0.324313 7.17021
0.352879 0.0567804 7.17932
0.0578802 -0.200411 6.94149
-0.399698 -0.251478 6.93001
0.0344992 -0.287931 6.95486
0.372441 -0.381716 7.27682
0.249219 -0.467357 7.00069
-0.114449 -0.507222 6.46613
0.177378 -0.898569 7.07454
-0.141391 -1.09924 7.11275
-0.342397 -1.27151 7.07392
